
5.172778367996215820e-01
4.907014369964599609e-01
6.795377731323242188e-01
4.188190102577209473e-01
5.076643824577331543e-01
4.233173429965972900e-01
4.548544883728027344e-01
5.221695303916931152e-01
8.328914046287536621e-01
2.387041896581649780e-01
4.238294064998626709e-01
4.366183876991271973e-01
3.645330667495727539e-01
4.911504387855529785e-01
4.518993794918060303e-01
4.538848698139190674e-01
5.410378575325012207e-01
5.009795427322387695e-01
4.773752987384796143e-01
5.515081882476806641e-01
5.228047370910644531e-01
4.309265613555908203e-01
4.813224375247955322e-01
5.312746167182922363e-01
4.651512503623962402e-01
5.440085530281066895e-01
5.923045277595520020e-01
4.268344640731811523e-01
5.072116255760192871e-01
4.137111306190490723e-01
6.473853588104248047e-01
4.676478505134582520e-01
3.236888051033020020e-01
4.614320397377014160e-01
4.257721304893493652e-01
5.867307782173156738e-01
3.216370344161987305e-01
4.320892095565795898e-01
2.931343019008636475e-01
4.373827278614044189e-01
4.883081614971160889e-01
4.356016814708709717e-01
3.930012583732604980e-01
4.453857243061065674e-01
6.112160682678222656e-01
3.814498484134674072e-01
5.475271344184875488e-01
5.529060959815979004e-01
6.071729660034179688e-01
5.190300345420837402e-01
4.649140536785125732e-01
5.291363596916198730e-01
3.784009218215942383e-01
4.476440548896789551e-01
4.734994471073150635e-01
2.790070176124572754e-01
3.874254524707794189e-01
2.615264058113098145e-01
4.859737753868103027e-01
4.849631786346435547e-01
6.014237403869628906e-01
2.747888267040252686e-01
4.080389738082885742e-01
3.603226840496063232e-01
4.812133908271789551e-01
5.544198155403137207e-01
3.504169583320617676e-01
5.101919174194335938e-01
5.508377552032470703e-01
4.408504664897918701e-01
3.641143441200256348e-01
4.846077859401702881e-01
5.090055465698242188e-01
4.025751650333404541e-01
1.897413134574890137e-01
5.316672921180725098e-01
3.779553771018981934e-01
5.521647930145263672e-01
3.690240383148193359e-01
5.357086658477783203e-01
4.816128611564636230e-01
2.714175879955291748e-01
4.503265023231506348e-01
4.146776795387268066e-01
4.071204960346221924e-01
4.565743505954742432e-01
4.620836675167083740e-01
6.450086832046508789e-01
5.028247237205505371e-01
3.849544227123260498e-01
5.620399117469787598e-01
4.898937046527862549e-01
4.938556253910064697e-01
4.499112367630004883e-01
4.278999567031860352e-01
3.056501150131225586e-01
4.757356345653533936e-01
6.245163679122924805e-01
3.825434446334838867e-01
4.995230436325073242e-01
5.021413564682006836e-01
5.216029286384582520e-01
4.069065451622009277e-01
4.740164577960968018e-01
6.206140518188476562e-01
5.049815773963928223e-01
3.684165775775909424e-01
4.587878882884979248e-01
6.075214147567749023e-01
5.591149330139160156e-01
3.992388844490051270e-01
5.217357873916625977e-01
5.935750007629394531e-01
6.144912242889404297e-01
2.843796312808990479e-01
4.454044103622436523e-01
3.280200958251953125e-01
4.252784550189971924e-01
3.908612430095672607e-01
6.317422389984130859e-01
4.986029565334320068e-01
3.179266452789306641e-01
4.177913665771484375e-01
4.647434055805206299e-01
5.815320611000061035e-01
3.270975947380065918e-01
4.912388026714324951e-01
4.208371639251708984e-01
4.018707275390625000e-01
6.107692718505859375e-01
6.249150037765502930e-01
5.874482393264770508e-01
5.471532940864562988e-01
4.407720863819122314e-01
3.737181425094604492e-01
4.743390679359436035e-01
4.445077180862426758e-01
4.274481832981109619e-01
4.110411107540130615e-01
4.258480072021484375e-01
5.202767252922058105e-01
4.586316645145416260e-01
4.316262602806091309e-01
5.001991987228393555e-01
3.666580021381378174e-01
5.385428667068481445e-01
5.360644459724426270e-01
5.823915600776672363e-01
4.375578165054321289e-01
4.481924772262573242e-01
6.504747271537780762e-01
4.503475427627563477e-01
5.091044902801513672e-01
6.538690924644470215e-01
4.967686533927917480e-01
4.539162814617156982e-01
4.491364955902099609e-01
4.574312865734100342e-01
3.720035851001739502e-01
5.680086016654968262e-01
5.354452133178710938e-01
4.011691808700561523e-01
4.965510368347167969e-01
5.449149608612060547e-01
5.760933756828308105e-01
4.204901158809661865e-01
3.844435811042785645e-01
6.883280277252197266e-01
3.669441640377044678e-01
3.730998933315277100e-01
3.865084052085876465e-01
3.247546851634979248e-01
5.782237648963928223e-01
4.798492491245269775e-01
5.249728560447692871e-01
4.435673058032989502e-01
4.660266041755676270e-01
5.192893147468566895e-01
4.225100576877593994e-01
4.270889461040496826e-01
4.782556295394897461e-01
4.942386448383331299e-01
5.717430710792541504e-01
5.980664491653442383e-01
4.793006777763366699e-01
5.472353696823120117e-01
4.153917729854583740e-01
3.837365508079528809e-01
4.669310450553894043e-01
5.269110202789306641e-01
4.181779623031616211e-01
4.548466801643371582e-01
4.510571360588073730e-01
4.560897946357727051e-01
3.215767145156860352e-01
5.846173167228698730e-01
3.557418584823608398e-01
3.785055875778198242e-01
3.056327104568481445e-01
5.364677906036376953e-01
8.279528021812438965e-01
3.562361001968383789e-01
4.142809808254241943e-01
5.592914223670959473e-01
5.415539741516113281e-01
4.166440665721893311e-01
4.240559935569763184e-01
5.471270084381103516e-01
2.219456285238265991e-01
1.823098063468933105e-01
4.177870452404022217e-01
5.547800064086914062e-01
6.400468349456787109e-01
6.407266855239868164e-01
4.394986927509307861e-01
6.229648590087890625e-01
6.138811111450195312e-01
4.262360036373138428e-01
6.096431016921997070e-01
5.964651107788085938e-01
4.001265466213226318e-01
4.721280336380004883e-01
5.053827166557312012e-01
3.707666099071502686e-01
4.676945209503173828e-01
4.652348458766937256e-01
3.772597908973693848e-01
3.883321583271026611e-01
1.937000751495361328e-01
3.716477453708648682e-01
4.941767454147338867e-01
4.609614908695220947e-01
4.467167258262634277e-01
5.270389914512634277e-01
4.232129454612731934e-01
4.332414269447326660e-01
5.020128488540649414e-01
7.310938239097595215e-01
4.262461662292480469e-01
4.499841332435607910e-01
5.311655998229980469e-01
7.869309186935424805e-01
3.414202332496643066e-01
7.680599689483642578e-01
3.358369469642639160e-01
5.762271881103515625e-01
6.890177130699157715e-01
6.448705196380615234e-01
4.944475591182708740e-01
4.650758504867553711e-01
4.181197285652160645e-01
4.522726237773895264e-01
2.516381740570068359e-01
4.327405095100402832e-01
4.527634084224700928e-01
4.908850193023681641e-01
4.986929595470428467e-01
3.947213292121887207e-01
5.001700520515441895e-01
3.659189045429229736e-01
3.709129095077514648e-01
5.307835936546325684e-01
3.796466588973999023e-01
5.479382276535034180e-01
5.151751637458801270e-01
5.120758414268493652e-01
6.242231726646423340e-01
4.079646170139312744e-01
5.913144946098327637e-01
1.669436246156692505e-01
4.400215446949005127e-01
5.135302543640136719e-01
4.753639400005340576e-01
2.000925540924072266e-01
4.572141468524932861e-01
3.264334499835968018e-01
4.691957235336303711e-01
4.995845854282379150e-01
5.464440584182739258e-01
6.354365944862365723e-01
3.651387393474578857e-01
6.331331729888916016e-01
4.257140755653381348e-01
6.019173264503479004e-01
5.422605276107788086e-01
4.583966135978698730e-01
4.585951864719390869e-01
5.325379371643066406e-01
5.571201443672180176e-01
4.604752659797668457e-01
5.044739246368408203e-01
4.964733421802520752e-01
5.199465751647949219e-01
4.335615932941436768e-01
4.516305029392242432e-01
5.335909128189086914e-01
5.821097493171691895e-01
6.075295209884643555e-01
5.243706703186035156e-01
5.774273276329040527e-01
4.093948602676391602e-01
4.679931998252868652e-01
5.493845939636230469e-01
4.691390097141265869e-01
5.533039569854736328e-01
6.444305181503295898e-01
2.812687754631042480e-01
5.126944780349731445e-01
4.598686099052429199e-01
3.964761197566986084e-01
5.482970476150512695e-01
4.399907588958740234e-01
4.849474728107452393e-01
4.645892977714538574e-01
4.384414553642272949e-01
4.011764526367187500e-01
5.700843930244445801e-01
4.934397041797637939e-01
6.644024848937988281e-01
5.270624756813049316e-01
6.353564858436584473e-01
5.515177845954895020e-01
5.160920023918151855e-01
3.958528041839599609e-01
5.096777081489562988e-01
2.343920469284057617e-01
4.743033349514007568e-01
7.359830737113952637e-01
4.624989926815032959e-01
7.161975502967834473e-01
5.215988159179687500e-01
6.773607134819030762e-01
4.207478761672973633e-01
4.394269585609436035e-01
4.279521107673645020e-01
4.154109656810760498e-01
4.570920169353485107e-01
4.246292412281036377e-01
2.941455543041229248e-01
3.942860066890716553e-01
3.524491488933563232e-01
4.430929422378540039e-01
4.879501760005950928e-01
4.915807247161865234e-01
5.289506912231445312e-01
3.901748359203338623e-01
5.240467786788940430e-01
4.839806854724884033e-01
3.711203634738922119e-01
1.594219803810119629e-01
1.510578393936157227e-01
4.017768800258636475e-01
4.156644344329833984e-01
5.061828494071960449e-01
4.791768789291381836e-01
4.804788231849670410e-01
5.039391517639160156e-01
5.222915410995483398e-01
4.501840174198150635e-01
6.546716690063476562e-01
3.794044554233551025e-01
5.079559683799743652e-01
6.531310677528381348e-01
4.826729297637939453e-01
4.728862643241882324e-01
4.809888005256652832e-01
4.848598539829254150e-01
4.789216518402099609e-01
4.524417817592620850e-01
3.986970484256744385e-01
4.202476739883422852e-01
4.826949238777160645e-01
3.541173338890075684e-01
4.679162800312042236e-01
4.716912508010864258e-01
4.641012847423553467e-01
4.371528923511505127e-01
6.878642439842224121e-01
3.875370323657989502e-01
4.576416909694671631e-01
3.957702517509460449e-01
6.218018531799316406e-01
4.764764606952667236e-01
5.745025277137756348e-01
3.793444335460662842e-01
3.785622119903564453e-01
6.924719810485839844e-01
6.326727867126464844e-01
4.706045687198638916e-01
3.742611408233642578e-01
6.860208511352539062e-01
3.906991481781005859e-01
4.241736531257629395e-01
4.223369359970092773e-01
4.266366064548492432e-01
4.307288825511932373e-01
3.967100977897644043e-01
5.584750771522521973e-01
3.989935219287872314e-01
6.809072494506835938e-01
5.388895869255065918e-01
4.133969843387603760e-01
4.813076257705688477e-01
4.863245785236358643e-01
4.755260646343231201e-01
4.518320858478546143e-01
4.718710184097290039e-01
4.763771891593933105e-01
5.957862734794616699e-01
6.895520687103271484e-01
3.880677223205566406e-01
5.297400951385498047e-01
5.786368846893310547e-01
5.056545734405517578e-01
5.753794908523559570e-01
4.217756986618041992e-01
3.314650356769561768e-01
4.440376758575439453e-01
5.483514070510864258e-01
4.850301146507263184e-01
4.984109103679656982e-01
4.080932736396789551e-01
5.135193467140197754e-01
4.639206826686859131e-01
6.327231526374816895e-01
4.939751029014587402e-01
5.148534774780273438e-01
4.368830025196075439e-01
5.266580581665039062e-01
5.436921119689941406e-01
4.342617988586425781e-01
4.611491858959197998e-01
5.223444700241088867e-01
7.180746197700500488e-01
4.253055751323699951e-01
6.096959114074707031e-01
5.018709897994995117e-01
5.747951865196228027e-01
5.955306291580200195e-01
4.168689846992492676e-01
6.388129591941833496e-01
4.086611568927764893e-01
3.704040050506591797e-01
3.165317177772521973e-01
2.679543495178222656e-01
5.895575284957885742e-01
5.543979406356811523e-01
3.953691124916076660e-01
4.859104454517364502e-01
4.670785665512084961e-01
4.384805858135223389e-01
4.573059082031250000e-01
3.908000886440277100e-01
5.699449777603149414e-01
3.152641355991363525e-01
5.221124291419982910e-01
5.157355070114135742e-01
3.509572148323059082e-01
6.470780372619628906e-01
7.317720651626586914e-01
5.138723850250244141e-01
5.927204489707946777e-01
4.049195945262908936e-01
4.895168244838714600e-01
3.750676512718200684e-01
4.251179099082946777e-01
4.144676029682159424e-01
3.751442134380340576e-01
3.329008817672729492e-01
5.593439936637878418e-01
4.961003959178924561e-01
4.193022251129150391e-01
7.729113698005676270e-01
4.075527489185333252e-01
5.250739455223083496e-01
4.236450493335723877e-01
4.762432277202606201e-01
4.797521829605102539e-01
4.432741701602935791e-01
6.280012130737304688e-01
5.664283037185668945e-01
5.041802525520324707e-01
6.065754294395446777e-01
5.065938234329223633e-01
4.259836375713348389e-01
4.405331015586853027e-01
4.546457827091217041e-01
6.351345777511596680e-01
4.449832737445831299e-01
4.270814359188079834e-01
4.255012571811676025e-01
5.296796560287475586e-01
5.442827343940734863e-01
4.147853851318359375e-01
4.753906428813934326e-01
4.122337400913238525e-01
5.900607705116271973e-01
4.271807670593261719e-01
4.673890769481658936e-01
5.494893789291381836e-01
4.534984230995178223e-01
4.219287633895874023e-01
3.586234748363494873e-01
4.739294350147247314e-01
4.315141141414642334e-01
7.601077556610107422e-01
3.683227598667144775e-01
4.119533896446228027e-01
4.446463286876678467e-01
6.256040930747985840e-01
3.963656127452850342e-01
4.086812734603881836e-01
2.867370545864105225e-01
3.600686490535736084e-01
4.648847877979278564e-01
4.060142636299133301e-01
4.474433064460754395e-01
5.054240822792053223e-01
5.698861479759216309e-01
5.506052374839782715e-01
6.741136908531188965e-01
4.511893093585968018e-01
5.877550244331359863e-01
4.491451382637023926e-01
5.406384468078613281e-01
3.646237552165985107e-01
4.227229654788970947e-01
5.260815620422363281e-01
5.091438889503479004e-01
2.904546558856964111e-01
4.736161530017852783e-01
5.097061991691589355e-01
4.767171144485473633e-01
5.410752892494201660e-01
4.496867656707763672e-01
3.942703008651733398e-01
4.346246421337127686e-01
5.277547240257263184e-01
5.014020800590515137e-01
4.638469219207763672e-01
5.475738644599914551e-01
4.991330802440643311e-01
4.827899932861328125e-01
4.661454260349273682e-01
4.112627506256103516e-01
2.237085849046707153e-01
4.329420626163482666e-01
6.858362555503845215e-01
4.706756174564361572e-01
3.994192779064178467e-01
5.296732187271118164e-01
5.334535241127014160e-01
4.705841243267059326e-01
3.544655144214630127e-01
4.497331082820892334e-01
4.268079400062561035e-01
5.426993370056152344e-01
5.092911124229431152e-01
3.909908533096313477e-01
4.867694675922393799e-01
6.522393822669982910e-01
4.496503472328186035e-01
2.768864035606384277e-01
5.973309874534606934e-01
4.697879552841186523e-01
5.810731649398803711e-01
4.507564306259155273e-01
4.970178008079528809e-01
4.537840783596038818e-01
4.763210713863372803e-01
4.150853455066680908e-01
4.711560904979705811e-01
7.844805121421813965e-01
4.308333098888397217e-01
5.094082355499267578e-01
4.843152761459350586e-01
5.243389606475830078e-01
4.005584716796875000e-01
3.726570606231689453e-01
4.545169472694396973e-01
3.651207089424133301e-01
1.967553645372390747e-01
4.356980323791503906e-01
3.719148933887481689e-01
5.418543815612792969e-01
4.871300756931304932e-01
4.157199561595916748e-01
5.478727817535400391e-01
4.496238231658935547e-01
3.607464134693145752e-01
8.662532269954681396e-02
6.239133477210998535e-01
5.747425556182861328e-01
5.382199883460998535e-01
6.428322792053222656e-01
6.423071026802062988e-01
4.135616719722747803e-01
4.171498715877532959e-01
4.003128409385681152e-01
3.365160524845123291e-01
5.572524070739746094e-01
5.154601335525512695e-01
7.035267353057861328e-01
5.097643136978149414e-01
5.219254493713378906e-01
4.153867363929748535e-01
4.889274537563323975e-01
3.608227670192718506e-01
4.394308924674987793e-01
5.332795977592468262e-01
5.185701847076416016e-01
4.935102164745330811e-01
5.049226880073547363e-01
4.683876335620880127e-01
4.846631586551666260e-01
4.103480875492095947e-01
3.950689136981964111e-01
3.351326286792755127e-01
7.079180479049682617e-01
4.435507655143737793e-01
3.091750144958496094e-01
4.208700358867645264e-01
4.769259393215179443e-01
5.820118784904479980e-01
3.662404417991638184e-01
4.180366098880767822e-01
4.274567663669586182e-01
3.765694499015808105e-01
6.156756281852722168e-01
4.287323057651519775e-01
4.706521034240722656e-01
5.071471333503723145e-01
4.290959239006042480e-01
3.977464139461517334e-01
4.601416587829589844e-01
3.682540953159332275e-01
5.037674903869628906e-01
5.240257382392883301e-01
5.089565515518188477e-01
4.299373924732208252e-01
4.648281335830688477e-01
3.691352009773254395e-01
4.763806760311126709e-01
5.683070421218872070e-01
3.810562193393707275e-01
4.496600627899169922e-01
4.914088845252990723e-01
3.455592691898345947e-01
3.513205051422119141e-01
5.038668513298034668e-01
6.099573373794555664e-01
3.976412117481231689e-01
4.974463582038879395e-01
4.053539633750915527e-01
4.016185998916625977e-01
4.350545406341552734e-01
5.114818215370178223e-01
4.194565713405609131e-01
4.482105076313018799e-01
5.061776041984558105e-01
6.576698422431945801e-01
4.422835111618041992e-01
6.854779720306396484e-01
4.806481301784515381e-01
5.808520317077636719e-01
4.606510102748870850e-01
4.590996205806732178e-01
4.773442745208740234e-01
4.487560689449310303e-01
4.847702085971832275e-01
4.476768970489501953e-01
4.854517877101898193e-01
3.967676460742950439e-01
4.718092381954193115e-01
5.714109539985656738e-01
5.174373984336853027e-01
4.660870432853698730e-01
4.435187280178070068e-01
4.774652719497680664e-01
4.333238005638122559e-01
5.018235445022583008e-01
4.168315827846527100e-01
3.374306857585906982e-01
3.523357808589935303e-01
4.829942286014556885e-01
4.798048734664916992e-01
5.985873937606811523e-01
3.451549708843231201e-01
4.165214896202087402e-01
5.499626398086547852e-01
4.687521457672119141e-01
4.369679689407348633e-01
4.778087139129638672e-01
6.232309341430664062e-01
5.197347998619079590e-01
5.122146010398864746e-01
3.486869335174560547e-01
4.612181484699249268e-01
4.016423225402832031e-01
2.764140665531158447e-01
5.261570811271667480e-01
4.772363007068634033e-01
4.558404088020324707e-01
3.941528499126434326e-01
4.699922800064086914e-01
6.486243605613708496e-01
5.292911529541015625e-01
4.089515805244445801e-01
5.171197652816772461e-01
4.323962330818176270e-01
5.005558133125305176e-01
7.391873598098754883e-01
4.248925149440765381e-01
5.804083347320556641e-01
5.754731893539428711e-01
4.475789666175842285e-01
5.933058261871337891e-01
4.259371459484100342e-01
5.095923542976379395e-01
5.734568834304809570e-01
4.947071373462677002e-01
4.741549491882324219e-01
4.274101555347442627e-01
4.276087284088134766e-01
4.874272942543029785e-01
3.936690390110015869e-01
4.417227506637573242e-01
5.013845562934875488e-01
5.077357888221740723e-01
4.987619817256927490e-01
6.889572739601135254e-01
4.085488915443420410e-01
6.506376862525939941e-01
4.168378412723541260e-01
4.492183327674865723e-01
2.745404541492462158e-01
4.579104483127593994e-01
4.703191220760345459e-01
3.007898330688476562e-01
4.931461811065673828e-01
3.977637290954589844e-01
4.230300486087799072e-01
5.491958260536193848e-01
8.055993914604187012e-01
3.465690612792968750e-01
5.610309839248657227e-01
1.834916919469833374e-01
3.858266472816467285e-01
5.003302693367004395e-01
4.260717928409576416e-01
4.229277074337005615e-01
4.524130821228027344e-01
5.514173507690429688e-01
4.863956868648529053e-01
3.747446238994598389e-01
6.655098199844360352e-01
3.455691933631896973e-01
2.768985629081726074e-01
3.934430181980133057e-01
5.194100141525268555e-01
2.360166758298873901e-01
7.612683176994323730e-01
6.333721280097961426e-01
5.312712788581848145e-01
3.651874065399169922e-01
4.516893625259399414e-01
6.268656253814697266e-01
3.714247047901153564e-01
4.734719395637512207e-01
4.533325433731079102e-01
5.031434893608093262e-01
5.094596147537231445e-01
3.708602786064147949e-01
5.494941473007202148e-01
5.474137067794799805e-01
5.615588426589965820e-01
4.994871616363525391e-01
4.227026998996734619e-01
6.000800132751464844e-01
6.196711659431457520e-01
5.187689065933227539e-01
4.071848392486572266e-01
4.787012338638305664e-01
3.385158479213714600e-01
9.568791985511779785e-01
3.682239353656768799e-01
5.574797987937927246e-01
4.548662900924682617e-01
3.240518867969512939e-01
4.980692863464355469e-01
8.128366470336914062e-01
1.924317032098770142e-01
4.795201420783996582e-01
4.527313113212585449e-01
5.132952332496643066e-01
1.795367598533630371e-01
4.895603656768798828e-01
5.250690579414367676e-01
4.836649894714355469e-01
4.616831541061401367e-01
4.093383550643920898e-01
4.150140583515167236e-01
3.995369374752044678e-01
3.321744501590728760e-01
4.496279656887054443e-01
5.983496904373168945e-01
5.610414743423461914e-01
4.139845967292785645e-01
6.408538818359375000e-01
6.333106756210327148e-01
4.124542474746704102e-01
4.756135642528533936e-01
5.540148019790649414e-01
2.267166823148727417e-01
6.428753137588500977e-01
4.323664307594299316e-01
5.787043571472167969e-01
3.442525267601013184e-01
4.400102198123931885e-01
2.848522961139678955e-01
3.702249228954315186e-01
4.372904002666473389e-01
5.536832213401794434e-01
4.494703710079193115e-01
4.787741601467132568e-01
6.505464911460876465e-01
4.006450176239013672e-01
3.148228228092193604e-01
3.364484012126922607e-01
4.798421561717987061e-01
5.064525008201599121e-01
5.110628008842468262e-01
5.693198442459106445e-01
4.826288521289825439e-01
3.458669483661651611e-01
4.455353915691375732e-01
3.658344745635986328e-01
6.513608098030090332e-01
6.489038467407226562e-01
4.950784444808959961e-01
4.374076724052429199e-01
6.935699582099914551e-01
6.515082120895385742e-01
3.173842430114746094e-01
4.691829383373260498e-01
4.476960599422454834e-01
4.704230427742004395e-01
4.760401546955108643e-01
3.901985287666320801e-01
4.463541507720947266e-01
4.559202790260314941e-01
3.746082484722137451e-01
6.257674694061279297e-01
4.811677336692810059e-01
4.517910182476043701e-01
5.286086201667785645e-01
4.605574011802673340e-01
5.514475703239440918e-01
5.139560103416442871e-01
5.912185907363891602e-01
5.329229235649108887e-01
5.276871323585510254e-01
3.629546165466308594e-01
5.475198626518249512e-01
7.506734132766723633e-01
5.715619921684265137e-01
5.789456963539123535e-01
3.926293253898620605e-01
4.267669916152954102e-01
3.497192263603210449e-01
2.711626887321472168e-01
4.262549281120300293e-01
6.140184402465820312e-01
5.484263896942138672e-01
6.046698689460754395e-01
5.108388662338256836e-01
5.912067890167236328e-01
4.414479732513427734e-01
5.620482563972473145e-01
5.662950873374938965e-01
5.605379343032836914e-01
4.065769016742706299e-01
4.571820795536041260e-01
5.012116432189941406e-01
4.056781530380249023e-01
4.447181522846221924e-01
5.264158844947814941e-01
3.995483219623565674e-01
4.000809192657470703e-01
3.927288055419921875e-01
5.286684036254882812e-01
3.371879458427429199e-01
4.991995394229888916e-01
6.999779343605041504e-01
3.992197811603546143e-01
3.080839514732360840e-01
4.729784429073333740e-01
4.540694952011108398e-01
6.257580518722534180e-01
3.758106231689453125e-01
5.194258689880371094e-01
4.659937620162963867e-01
4.660036861896514893e-01
5.492050647735595703e-01
5.580525398254394531e-01
2.580154538154602051e-01
5.118800401687622070e-01
6.219744682312011719e-01
2.925114035606384277e-01
5.907378792762756348e-01
3.559968769550323486e-01
2.088907957077026367e-01
4.840006530284881592e-01
3.872436285018920898e-01
4.900220632553100586e-01
3.712416589260101318e-01
4.752655327320098877e-01
3.790741264820098877e-01
3.894596099853515625e-01
4.212987124919891357e-01
4.633510410785675049e-01
6.310560107231140137e-01
3.528099358081817627e-01
3.615787327289581299e-01
5.107062458992004395e-01
5.499793291091918945e-01
4.752495288848876953e-01
4.549288153648376465e-01
5.067951679229736328e-01
5.216264724731445312e-01
5.196152925491333008e-01
5.236619114875793457e-01
5.107407569885253906e-01
5.108395218849182129e-01
5.710589885711669922e-01
5.995323657989501953e-01
2.651931345462799072e-01
4.633387625217437744e-01
4.412145912647247314e-01
5.289688706398010254e-01
3.619302511215209961e-01
4.752344489097595215e-01
3.397796750068664551e-01
3.033357262611389160e-01
4.161313176155090332e-01
5.079163312911987305e-01
6.845773458480834961e-01
4.467897117137908936e-01
4.285133183002471924e-01
5.055051445960998535e-01
5.104665160179138184e-01
4.656354486942291260e-01
4.771924316883087158e-01
4.263223409652709961e-01
8.475030660629272461e-01
3.815590143203735352e-01
4.061657190322875977e-01
3.538689613342285156e-01
4.579694569110870361e-01
5.697288513183593750e-01
4.533923864364624023e-01
5.316665172576904297e-01
3.997493684291839600e-01
5.421943664550781250e-01
5.268111228942871094e-01
4.396404623985290527e-01
2.953447401523590088e-01
6.401226520538330078e-01
3.280009031295776367e-01
5.182739496231079102e-01
4.913149774074554443e-01
4.114063084125518799e-01
4.573774039745330811e-01
4.590651988983154297e-01
5.917722582817077637e-01
5.495980978012084961e-01
4.270916283130645752e-01
4.270415008068084717e-01
4.500721991062164307e-01
3.840672671794891357e-01
4.404552280902862549e-01
5.351622700691223145e-01
5.931088924407958984e-01
4.558094441890716553e-01
5.364726185798645020e-01
4.833840429782867432e-01
4.652965664863586426e-01
4.065205752849578857e-01
3.603821992874145508e-01
4.752727448940277100e-01
1.257348537445068359e+00
6.007494926452636719e-01
7.271215319633483887e-01
3.032305538654327393e-01
2.761553823947906494e-01
4.319311678409576416e-01
4.984548985958099365e-01
3.899710178375244141e-01
5.258504748344421387e-01
2.357797026634216309e-01
5.610105395317077637e-01
4.979733526706695557e-01
5.186129212379455566e-01
4.624267518520355225e-01
4.997056424617767334e-01
5.648449063301086426e-01
4.310149848461151123e-01
4.927229583263397217e-01
4.864772558212280273e-01
5.763055682182312012e-01
5.581591129302978516e-01
4.810608327388763428e-01
4.723803102970123291e-01
4.778084158897399902e-01
4.222911000251770020e-01
5.510489344596862793e-01
5.598018169403076172e-01
5.054255723953247070e-01
4.782314598560333252e-01
3.075799047946929932e-01
4.839563667774200439e-01
3.802269101142883301e-01
6.200240850448608398e-01
5.329292416572570801e-01
4.213266670703887939e-01
4.596824944019317627e-01
4.762227535247802734e-01
5.937030315399169922e-01
4.017482995986938477e-01
4.133324623107910156e-01
5.249943733215332031e-01
3.384076356887817383e-01
5.435865521430969238e-01
4.684612154960632324e-01
5.739941000938415527e-01
4.766545593738555908e-01
3.672472238540649414e-01
3.608809411525726318e-01
4.666665792465209961e-01
5.335165262222290039e-01
4.300355017185211182e-01
4.130364358425140381e-01
4.478688240051269531e-01
4.078801572322845459e-01
3.822324573993682861e-01
3.868367969989776611e-01
5.431275367736816406e-01
5.343726277351379395e-01
5.082591772079467773e-01
3.932730257511138916e-01
5.471709966659545898e-01
4.859499633312225342e-01
5.324362516403198242e-01
3.879363834857940674e-01
5.049454569816589355e-01
4.067886471748352051e-01
5.486968755722045898e-01
4.359600245952606201e-01
5.030807852745056152e-01
5.830740928649902344e-01
5.039883852005004883e-01
4.098851680755615234e-01
3.594101369380950928e-01
6.061348915100097656e-01
4.513475000858306885e-01
6.851925253868103027e-01
5.502081513404846191e-01
4.679976403713226318e-01
5.763320326805114746e-01
3.852714896202087402e-01
5.001060962677001953e-01
5.601640939712524414e-01
4.521003961563110352e-01
2.905779778957366943e-01
5.188331007957458496e-01
6.125229597091674805e-01
5.132913589477539062e-01
4.774683415889739990e-01
5.223692655563354492e-01
6.872966289520263672e-01
9.089075326919555664e-01
6.704904437065124512e-01
4.905438721179962158e-01
5.430126786231994629e-01
5.853021740913391113e-01
4.572430849075317383e-01
3.468796014785766602e-01
4.484979808330535889e-01
4.109247028827667236e-01
6.842914223670959473e-01
3.516730368137359619e-01
3.554773032665252686e-01
3.951828479766845703e-01
3.888521790504455566e-01
4.957710504531860352e-01
3.906033933162689209e-01
4.060534536838531494e-01
3.835904896259307861e-01
4.281785786151885986e-01
4.328218698501586914e-01
4.479595124721527100e-01
4.779895544052124023e-01
3.569839298725128174e-01
6.193551421165466309e-01
5.412496328353881836e-01
4.077077507972717285e-01
3.655636906623840332e-01
4.831335544586181641e-01
6.555936932563781738e-01
4.808946251869201660e-01
4.006805419921875000e-01
4.494681060314178467e-01
3.481544852256774902e-01
5.177909135818481445e-01
6.899189949035644531e-01
4.713467061519622803e-01
5.055936574935913086e-01
5.379569530487060547e-01
4.818704426288604736e-01
4.488531947135925293e-01
6.926758289337158203e-01
2.273331731557846069e-01
4.628883004188537598e-01
3.677722811698913574e-01
5.073179006576538086e-01
5.248154997825622559e-01
3.765508830547332764e-01
5.363419055938720703e-01
4.366647303104400635e-01
4.468016028404235840e-01
7.019981145858764648e-01
4.103836119174957275e-01
5.038123130798339844e-01
4.655873477458953857e-01
4.867994785308837891e-01
3.249361217021942139e-01
5.748425126075744629e-01
3.605667948722839355e-01
4.200950562953948975e-01
5.090678930282592773e-01
4.553644359111785889e-01
4.165446758270263672e-01
5.168071389198303223e-01
3.498859107494354248e-01
4.313803017139434814e-01
4.404581785202026367e-01
5.613107681274414062e-01
5.722576379776000977e-01
5.826375484466552734e-01
3.177301585674285889e-01
4.341430664062500000e-01
5.966331362724304199e-01
5.049077868461608887e-01
5.109758377075195312e-01
4.754189848899841309e-01
3.700478971004486084e-01
5.879668593406677246e-01
4.418854713439941406e-01
4.915937185287475586e-01
6.986215710639953613e-01
3.001825511455535889e-01
5.604333281517028809e-01
3.763999640941619873e-01
4.480432868003845215e-01
5.819300413131713867e-01
4.852930307388305664e-01
5.941274762153625488e-01
5.307047367095947266e-01
4.659850597381591797e-01
4.231385886669158936e-01
3.132807314395904541e-01
4.659872651100158691e-01
5.131063461303710938e-01
4.905965030193328857e-01
5.322435498237609863e-01
4.161334931850433350e-01
6.002505421638488770e-01
5.464430451393127441e-01
5.002105236053466797e-01
4.431048035621643066e-01
5.216428637504577637e-01
2.275547534227371216e-01
5.058712363243103027e-01
4.702494144439697266e-01
5.254023075103759766e-01
5.017770528793334961e-01
4.302110373973846436e-01
4.445409476757049561e-01
5.253463983535766602e-01
5.273340940475463867e-01
4.503777027130126953e-01
5.875528454780578613e-01
4.060008823871612549e-01
4.514306485652923584e-01
2.598226070404052734e-01
6.955920457839965820e-01
4.404236078262329102e-01
4.615064859390258789e-01
4.613835513591766357e-01
3.925550282001495361e-01
1.467220485210418701e-01
3.922158479690551758e-01
4.056980609893798828e-01
5.442063212394714355e-01
5.512617230415344238e-01
4.837419688701629639e-01
5.378005504608154297e-01
5.862908959388732910e-01
5.528624653816223145e-01
6.051946282386779785e-01
4.824569523334503174e-01
4.238155186176300049e-01
4.450074434280395508e-01
3.794243037700653076e-01
7.816909551620483398e-01
5.341640710830688477e-01
4.640469551086425781e-01
5.768743157386779785e-01
4.203319251537322998e-01
5.138919353485107422e-01
4.444819390773773193e-01
4.851039648056030273e-01
5.673102736473083496e-01
4.269437193870544434e-01
4.177955389022827148e-01
4.895347356796264648e-01
3.438991606235504150e-01
6.695741415023803711e-01
4.801029562950134277e-01
4.523731470108032227e-01
5.207425951957702637e-01
4.129282534122467041e-01
5.558536052703857422e-01
5.345209240913391113e-01
4.955263435840606689e-01
3.962655067443847656e-01
6.143612265586853027e-01
4.633834660053253174e-01
4.483536183834075928e-01
4.192206859588623047e-01
5.225238800048828125e-01
4.757234156131744385e-01
5.147857069969177246e-01
5.078370571136474609e-01
6.698385477066040039e-01
4.765681326389312744e-01
2.665590345859527588e-01
4.898287057876586914e-01
1.010334253311157227e+00
5.461134910583496094e-01
4.634039998054504395e-01
5.608858466148376465e-01
4.243969917297363281e-01
5.033507347106933594e-01
3.384423553943634033e-01
3.358238637447357178e-01
2.431234270334243774e-01
5.066020488739013672e-01
4.058108329772949219e-01
3.564523458480834961e-01
3.606139719486236572e-01
3.616944551467895508e-01
4.748147726058959961e-01
4.528234899044036865e-01
4.505297541618347168e-01
4.624703824520111084e-01
4.307259023189544678e-01
6.623855233192443848e-01
5.762615799903869629e-01
4.681159853935241699e-01
4.140184819698333740e-01
4.248034060001373291e-01
4.473914206027984619e-01
4.532156288623809814e-01
5.703259110450744629e-01
3.644079566001892090e-01
6.110997796058654785e-01
5.359161496162414551e-01
2.950628101825714111e-01
5.421304702758789062e-01
5.563507676124572754e-01
5.163888335227966309e-01
4.128136932849884033e-01
6.562895774841308594e-01
3.567969202995300293e-01
5.881731510162353516e-01
5.509558916091918945e-01
3.350377082824707031e-01
4.709655940532684326e-01
7.718269824981689453e-01
2.231296449899673462e-01
4.935526549816131592e-01
4.175013005733489990e-01
4.804111719131469727e-01
5.537942647933959961e-01
6.564660072326660156e-01
7.359974980354309082e-01
5.280340313911437988e-01
1.544943600893020630e-01
4.441254138946533203e-01
4.401244223117828369e-01
3.224514424800872803e-01
4.173256158828735352e-01
4.164341390132904053e-01
5.005867481231689453e-01
5.575067996978759766e-01
6.656870841979980469e-01
6.770187020301818848e-01
4.090575277805328369e-01
5.243746042251586914e-01
4.781158864498138428e-01
2.522832155227661133e-01
5.070228576660156250e-01
3.357991278171539307e-01
4.126511812210083008e-01
3.237572312355041504e-01
2.691228389739990234e-01
3.873152136802673340e-01
4.602602422237396240e-01
4.408953785896301270e-01
3.813443481922149658e-01
4.754975736141204834e-01
4.608226716518402100e-01
4.854853451251983643e-01
4.359757602214813232e-01
5.765844583511352539e-01
5.351222157478332520e-01
4.824539124965667725e-01
8.528885245323181152e-01
1.623517870903015137e-01
4.482776522636413574e-01
4.981983602046966553e-01
3.973374962806701660e-01
3.910160064697265625e-01
3.814661800861358643e-01
4.929949641227722168e-01
3.382420837879180908e-01
5.136529803276062012e-01
5.189257860183715820e-01
6.135694384574890137e-01
5.705631971359252930e-01
4.701504111289978027e-01
4.467554986476898193e-01
4.542397558689117432e-01
5.122072100639343262e-01
5.092127919197082520e-01
5.531983375549316406e-01
5.500004291534423828e-01
3.913556039333343506e-01
4.865632057189941406e-01
4.609794318675994873e-01
7.748579978942871094e-01
4.998646080493927002e-01
4.239685237407684326e-01
3.632960915565490723e-01
4.339804053306579590e-01
3.945094048976898193e-01
1.067990541458129883e+00
3.771030008792877197e-01
5.684859752655029297e-01
3.875474333763122559e-01
3.727215826511383057e-01
6.230013966560363770e-01
3.562312126159667969e-01
3.571278452873229980e-01
9.454022049903869629e-01
5.555846691131591797e-01
7.231386899948120117e-01
4.435325264930725098e-01
3.372728526592254639e-01
5.797783732414245605e-01
4.384303689002990723e-01
3.216629326343536377e-01
5.612786412239074707e-01
5.557867884635925293e-01
4.713687598705291748e-01
5.519415140151977539e-01
5.122976303100585938e-01
7.937294244766235352e-01
1.156635805964469910e-01
4.491975009441375732e-01
4.124982059001922607e-01
4.342442452907562256e-01
4.740857183933258057e-01
5.077430009841918945e-01
4.549441337585449219e-01
3.675472140312194824e-01
4.982508122920989990e-01
4.708459079265594482e-01
6.014313101768493652e-01
5.420910120010375977e-01
5.988090634346008301e-01
5.276849865913391113e-01
4.737098217010498047e-01
3.879475891590118408e-01
5.839842557907104492e-01
6.042657494544982910e-01
4.389914274215698242e-01
3.017083108425140381e-01
4.635065495967864990e-01
6.477840542793273926e-01
4.555164277553558350e-01
6.898313164710998535e-01
5.178659558296203613e-01
6.124803423881530762e-01
4.659826457500457764e-01
4.815923869609832764e-01
4.260294437408447266e-01
4.005610346794128418e-01
5.964576601982116699e-01
3.291119933128356934e-01
3.940279185771942139e-01
4.560048878192901611e-01
6.092086434364318848e-01
6.371405124664306641e-01
4.827226102352142334e-01
4.647735655307769775e-01
4.287601411342620850e-01
3.545251190662384033e-01
4.616900086402893066e-01
4.221583306789398193e-01
4.612503051757812500e-01
5.202038288116455078e-01
5.440999865531921387e-01
3.809248507022857666e-01
6.211590766906738281e-01
1.473791003227233887e-01
4.805307984352111816e-01
3.902278840541839600e-01
5.027977824211120605e-01
4.853673577308654785e-01
4.368622303009033203e-01
5.179556608200073242e-01
5.003458261489868164e-01
2.479955852031707764e-01
4.294762611389160156e-01
4.555464088916778564e-01
4.520655274391174316e-01
3.851852715015411377e-01
5.828233361244201660e-01
4.757494926452636719e-01
4.871004819869995117e-01
4.565657675266265869e-01
3.743287026882171631e-01
3.736592233180999756e-01
5.754104256629943848e-01
8.182998299598693848e-01
4.299294352531433105e-01
5.024162530899047852e-01
8.712517619132995605e-01
4.428880214691162109e-01
3.115406334400177002e-01
5.513657927513122559e-01
5.934146046638488770e-01
6.883641481399536133e-01
5.482288002967834473e-01
4.914663136005401611e-01
3.334601521492004395e-01
6.287514567375183105e-01
4.107668399810791016e-01
4.696981012821197510e-01
3.634840548038482666e-01
5.605739951133728027e-01
3.707031309604644775e-01
3.973323702812194824e-01
4.098859429359436035e-01
4.896712303161621094e-01
7.300915122032165527e-01
4.843444824218750000e-01
5.000318288803100586e-01
5.119786858558654785e-01
4.777455925941467285e-01
5.009653568267822266e-01
3.848951756954193115e-01
5.842384696006774902e-01
3.985762298107147217e-01
4.039406180381774902e-01
5.061742067337036133e-01
4.971039295196533203e-01
6.113591194152832031e-01
4.102438390254974365e-01
4.419891238212585449e-01
3.296338021755218506e-01
3.131524324417114258e-01
4.774519801139831543e-01
5.850191116333007812e-01
4.556851983070373535e-01
4.468901753425598145e-01
4.524346292018890381e-01
5.014531612396240234e-01
2.634800374507904053e-01
4.969008266925811768e-01
5.526661872863769531e-01
2.331422567367553711e-01
4.224629700183868408e-01
4.793260991573333740e-01
5.317966341972351074e-01
4.964123070240020752e-01
5.442330241203308105e-01
5.597814321517944336e-01
4.703916311264038086e-01
4.776508510112762451e-01
5.336824655532836914e-01
5.630107522010803223e-01
4.137793183326721191e-01
4.096549153327941895e-01
6.271923780441284180e-01
5.313789844512939453e-01
6.057722568511962891e-01
4.515111148357391357e-01
4.465047121047973633e-01
4.916299581527709961e-01
4.489259123802185059e-01
4.485902488231658936e-01
5.032616257667541504e-01
5.312709212303161621e-01
5.299251079559326172e-01
4.750072062015533447e-01
4.792053699493408203e-01
5.003238320350646973e-01
4.175390899181365967e-01
4.929305911064147949e-01
4.575539827346801758e-01
3.712128102779388428e-01
4.082199931144714355e-01
4.860721528530120850e-01
5.138289928436279297e-01
4.442667663097381592e-01
6.673552989959716797e-01
5.078940987586975098e-01
6.305060386657714844e-01
4.902360439300537109e-01
7.192800045013427734e-01
4.834358096122741699e-01
4.614759087562561035e-01
4.303156137466430664e-01
5.500595569610595703e-01
3.795347809791564941e-01
4.738719463348388672e-01
4.867929220199584961e-01
6.183542609214782715e-01
4.269608557224273682e-01
5.176696181297302246e-01
4.375327229499816895e-01
4.355631172657012939e-01
5.434073209762573242e-01
3.801667690277099609e-01
4.691244661808013916e-01
4.315357208251953125e-01
4.641691744327545166e-01
5.099063515663146973e-01
4.303063452243804932e-01
5.836781263351440430e-01
3.747662007808685303e-01
4.987598061561584473e-01
4.151805639266967773e-01
5.849545001983642578e-01
4.534371793270111084e-01
5.386798977851867676e-01
4.886281192302703857e-01
6.259930729866027832e-01
3.256586492061614990e-01
4.485020041465759277e-01
4.584416449069976807e-01
4.040457308292388916e-01
4.497645199298858643e-01
4.286005496978759766e-01
4.917344748973846436e-01
3.432472348213195801e-01
5.251300930976867676e-01
5.107982158660888672e-01
5.164114236831665039e-01
5.005549788475036621e-01
4.455358684062957764e-01
5.556647181510925293e-01
4.544360637664794922e-01
3.886778950691223145e-01
4.821077883243560791e-01
4.604158103466033936e-01
3.867664635181427002e-01
5.194995403289794922e-01
4.415179789066314697e-01
3.830492794513702393e-01
6.059004068374633789e-01
4.227449893951416016e-01
4.362681508064270020e-01
3.510142266750335693e-01
4.530268013477325439e-01
4.296399354934692383e-01
3.930741250514984131e-01
5.062398314476013184e-01
4.566621184349060059e-01
4.517546594142913818e-01
6.138140559196472168e-01
4.815095663070678711e-01
5.600163936614990234e-01
4.015124142169952393e-01
4.570268988609313965e-01
3.208997547626495361e-01
4.898844063282012939e-01
5.066987276077270508e-01
3.993199467658996582e-01
5.739645957946777344e-01
7.371230125427246094e-01
4.588078558444976807e-01
4.929343163967132568e-01
4.795508384704589844e-01
5.519474744796752930e-01
5.779419541358947754e-01
5.148631334304809570e-01
4.829658269882202148e-01
3.955713510513305664e-01
4.858457148075103760e-01
4.368103444576263428e-01
4.917110204696655273e-01
4.103557169437408447e-01
5.995745658874511719e-01
4.606081545352935791e-01
5.761642456054687500e-01
5.028916001319885254e-01
4.915924370288848877e-01
3.631712794303894043e-01
4.974012970924377441e-01
6.764518022537231445e-01
4.272693991661071777e-01
5.410553216934204102e-01
4.409919679164886475e-01
3.940696716308593750e-01
3.730857670307159424e-01
5.078358650207519531e-01
6.087720990180969238e-01
5.083132982254028320e-01
4.023415744304656982e-01
3.514733314514160156e-01
4.507349431514739990e-01
3.820395469665527344e-01
4.002438783645629883e-01
5.258231163024902344e-01
5.198852419853210449e-01
4.339624941349029541e-01
4.604974091053009033e-01
3.369884490966796875e-01
5.126376748085021973e-01
5.015617012977600098e-01
5.091395378112792969e-01
5.078902244567871094e-01
4.942351281642913818e-01
4.200538396835327148e-01
9.025970697402954102e-01
5.269305706024169922e-01
3.758019506931304932e-01
4.306893646717071533e-01
4.226929843425750732e-01
5.316209793090820312e-01
3.882726430892944336e-01
5.513414740562438965e-01
4.501712620258331299e-01
6.588170528411865234e-01
3.918645381927490234e-01
4.441640377044677734e-01
4.531494975090026855e-01
3.965580463409423828e-01
3.748578429222106934e-01
4.907546043395996094e-01
5.390469431877136230e-01
4.687191843986511230e-01
5.162944197654724121e-01
3.737742304801940918e-01
3.548924624919891357e-01
5.263601541519165039e-01
4.329947531223297119e-01
5.892872810363769531e-01
2.923200726509094238e-01
3.691716790199279785e-01
4.142400920391082764e-01
5.702113509178161621e-01
4.467245638370513916e-01
2.909506857395172119e-01
3.987551331520080566e-01
5.968677997589111328e-01
3.716569542884826660e-01
6.756206154823303223e-01
7.255399227142333984e-01
5.646511912345886230e-01
4.546181857585906982e-01
4.786629080772399902e-01
5.922120809555053711e-01
3.813878595829010010e-01
4.116096496582031250e-01
5.161363482475280762e-01
4.632316529750823975e-01
5.634639263153076172e-01
4.239738583564758301e-01
4.437446594238281250e-01
6.698055863380432129e-01
5.609366893768310547e-01
8.067929148674011230e-01
5.237557291984558105e-01
4.734283387660980225e-01
5.326893329620361328e-01
4.220537543296813965e-01
5.837709307670593262e-01
4.257170259952545166e-01
3.965738713741302490e-01
7.533752322196960449e-01
4.036102592945098877e-01
4.482295811176300049e-01
5.194705724716186523e-01
4.831186830997467041e-01
4.803591668605804443e-01
3.950682580471038818e-01
3.165963590145111084e-01
4.043969511985778809e-01
5.989864468574523926e-01
6.126576066017150879e-01
4.252240955829620361e-01
6.140230894088745117e-01
4.827032387256622314e-01
3.839927613735198975e-01
4.320003390312194824e-01
3.900786340236663818e-01
4.393678009510040283e-01
4.169794917106628418e-01
4.771540462970733643e-01
4.218664467334747314e-01
3.422821462154388428e-01
4.797796905040740967e-01
6.742474436759948730e-01
4.609213173389434814e-01
5.656210184097290039e-01
5.313273668289184570e-01
5.243358016014099121e-01
1.357577592134475708e-01
5.674445033073425293e-01
3.794737458229064941e-01
4.304455220699310303e-01
8.026677966117858887e-01
3.710171580314636230e-01
4.924734830856323242e-01
5.051646232604980469e-01
4.041953980922698975e-01
4.610272645950317383e-01
4.492046236991882324e-01
4.933136105537414551e-01
3.581940829753875732e-01
4.308842718601226807e-01
5.807793140411376953e-01
5.288094282150268555e-01
6.858946084976196289e-01
5.881527066230773926e-01
4.841252863407135010e-01
6.531071662902832031e-01
4.463238716125488281e-01
4.316801726818084717e-01
4.634069800376892090e-01
4.675690531730651855e-01
5.110748410224914551e-01
4.895478487014770508e-01
5.007432699203491211e-01
5.266557931900024414e-01
4.261369109153747559e-01
5.488373637199401855e-01
4.502718448638916016e-01
1.907497644424438477e-01
5.064874887466430664e-01
4.738998115062713623e-01
4.282726645469665527e-01
3.089138567447662354e-01
4.155915975570678711e-01
2.690273821353912354e-01
4.341975152492523193e-01
4.134480953216552734e-01
5.793114304542541504e-01
4.862594604492187500e-01
1.472224593162536621e-01
5.064498782157897949e-01
4.351127147674560547e-01
3.919771909713745117e-01
3.961124718189239502e-01
5.357350111007690430e-01
4.078443944454193115e-01
4.445498585700988770e-01
5.839720964431762695e-01
6.392540931701660156e-01
3.396296501159667969e-01
5.083770751953125000e-01
6.338635087013244629e-01
3.777450919151306152e-01
4.026739597320556641e-01
4.709445834159851074e-01
4.882177710533142090e-01
5.217642784118652344e-01
3.786684870719909668e-01
4.656572639942169189e-01
4.851641356945037842e-01
5.297680497169494629e-01
7.189809679985046387e-01
5.040870308876037598e-01
3.353982567787170410e-01
4.650016725063323975e-01
4.726758301258087158e-01
5.598720312118530273e-01
4.358314871788024902e-01
4.499321877956390381e-01
3.951641917228698730e-01
5.203488469123840332e-01
5.040600299835205078e-01
3.305698335170745850e-01
4.622522592544555664e-01
3.798492252826690674e-01
4.694980680942535400e-01
4.088917076587677002e-01
4.506454765796661377e-01
5.083330273628234863e-01
4.410451650619506836e-01
5.411605238914489746e-01
5.662375688552856445e-01
4.202197790145874023e-01
4.529381692409515381e-01
3.562024235725402832e-01
5.446774363517761230e-01
6.868014335632324219e-01
4.415164887905120850e-01
3.255375027656555176e-01
5.365001559257507324e-01
8.432049155235290527e-01
4.625469148159027100e-01
3.432393670082092285e-01
2.169840037822723389e-01
3.731954395771026611e-01
3.189388215541839600e-01
5.427492260932922363e-01
5.077812075614929199e-01
4.880174100399017334e-01
4.830161631107330322e-01
6.326864361763000488e-01
5.095844864845275879e-01
3.692653179168701172e-01
5.495722889900207520e-01
4.130479097366333008e-01
4.430027008056640625e-01
5.387655496597290039e-01
3.569254279136657715e-01
4.772180020809173584e-01
4.932117164134979248e-01
4.987796843051910400e-01
4.588449895381927490e-01
8.790093064308166504e-01
4.151518940925598145e-01
4.791866242885589600e-01
4.684132635593414307e-01
5.861414074897766113e-01
3.362405598163604736e-01
3.161629140377044678e-01
4.927325248718261719e-01
4.353823065757751465e-01
4.744902253150939941e-01
5.798047184944152832e-01
6.408610939979553223e-01
4.677276909351348877e-01
4.789478778839111328e-01
4.517013728618621826e-01
5.619424581527709961e-01
5.631552934646606445e-01
4.266380369663238525e-01
5.218490958213806152e-01
4.562881886959075928e-01
4.478868246078491211e-01
5.240389108657836914e-01
4.117394387722015381e-01
6.448414325714111328e-01
4.965351521968841553e-01
5.036668181419372559e-01
3.208164572715759277e-01
4.343789517879486084e-01
4.590499699115753174e-01
4.670374095439910889e-01
3.704809546470642090e-01
4.445380270481109619e-01
5.026113390922546387e-01
5.145248770713806152e-01
5.658326148986816406e-01
4.679940938949584961e-01
4.814541339874267578e-01
6.028254628181457520e-01
4.736614227294921875e-01
5.458152890205383301e-01
5.464611649513244629e-01
6.142367720603942871e-01
3.217652738094329834e-01
4.054424166679382324e-01
6.641281843185424805e-01
4.211769104003906250e-01
5.478786826133728027e-01
4.014669954776763916e-01
4.672430455684661865e-01
6.091238856315612793e-01
5.381225347518920898e-01
4.990569651126861572e-01
4.727784693241119385e-01
3.439968526363372803e-01
3.722226619720458984e-01
4.787067770957946777e-01
4.261030554771423340e-01
6.716821789741516113e-01
4.491519629955291748e-01
5.136904716491699219e-01
4.775146245956420898e-01
4.729353785514831543e-01
5.440840721130371094e-01
6.444548964500427246e-01
4.376301169395446777e-01
4.694674313068389893e-01
5.153836011886596680e-01
4.549091160297393799e-01
4.579957723617553711e-01
3.243379592895507812e-01
4.692776203155517578e-01
4.833985567092895508e-01
4.483757317066192627e-01
4.835367798805236816e-01
4.494367241859436035e-01
2.841247022151947021e-01
5.471299290657043457e-01
4.249492883682250977e-01
4.626635611057281494e-01
3.594977259635925293e-01
4.320774078369140625e-01
4.654815793037414551e-01
5.346326828002929688e-01
5.408644676208496094e-01
5.149459242820739746e-01
5.141313672065734863e-01
4.983195066452026367e-01
4.763888418674468994e-01
4.552867412567138672e-01
5.172092914581298828e-01
3.174763917922973633e-01
4.393705725669860840e-01
4.422813653945922852e-01
5.155583024024963379e-01
4.080992639064788818e-01
4.769537448883056641e-01
4.194307923316955566e-01
3.057287037372589111e-01
6.301292777061462402e-01
6.778513789176940918e-01
4.269206523895263672e-01
4.990728795528411865e-01
3.515244722366333008e-01
3.988885581493377686e-01
3.286978602409362793e-01
5.315831899642944336e-01
8.124132156372070312e-01
3.604020774364471436e-01
5.950507521629333496e-01
6.240248084068298340e-01
4.295836091041564941e-01
4.648067653179168701e-01
5.415377616882324219e-01
5.977173447608947754e-01
5.622139573097229004e-01
8.202736377716064453e-01
4.855037629604339600e-01
5.225739479064941406e-01
3.742911815643310547e-01
2.381601929664611816e-01
4.574662446975708008e-01
5.284948348999023438e-01
5.022107958793640137e-01
4.887585043907165527e-01
5.497775077819824219e-01
4.945120513439178467e-01
4.376362264156341553e-01
3.729713261127471924e-01
4.473959803581237793e-01
3.623425960540771484e-01
4.066196680068969727e-01
3.751513361930847168e-01
4.315356016159057617e-01
5.026255846023559570e-01
4.054824411869049072e-01
4.389258027076721191e-01
4.396632015705108643e-01
7.915956974029541016e-01
5.879505872726440430e-01
4.938887655735015869e-01
4.879084229469299316e-01
5.929021239280700684e-01
5.165101289749145508e-01
4.685871005058288574e-01
3.814128041267395020e-01
2.526500523090362549e-01
5.887547135353088379e-01
4.059009850025177002e-01
3.950464427471160889e-01
4.982854127883911133e-01
5.110601186752319336e-01
4.548493623733520508e-01
6.240755915641784668e-01
4.623470604419708252e-01
5.044733881950378418e-01
6.246559619903564453e-01
5.241828560829162598e-01
5.563740134239196777e-01
3.481515347957611084e-01
6.302636861801147461e-01
5.308739542961120605e-01
4.262101948261260986e-01
2.042593061923980713e-01
5.098409652709960938e-01
6.009703874588012695e-01
5.664911270141601562e-01
3.976606726646423340e-01
4.572140574455261230e-01
4.602985084056854248e-01
5.597553849220275879e-01
6.730359792709350586e-01
3.540474772453308105e-01
3.613013923168182373e-01
3.981852531433105469e-01
1.797762662172317505e-01
5.467452406883239746e-01
5.371423959732055664e-01
4.870212376117706299e-01
5.310959815979003906e-01
6.381835341453552246e-01
3.976038992404937744e-01
4.660738706588745117e-01
4.121704101562500000e-01
4.651460945606231689e-01
4.452373087406158447e-01
5.518906116485595703e-01
3.385635614395141602e-01
5.800629854202270508e-01
5.173591375350952148e-01
5.658892989158630371e-01
5.347101688385009766e-01
5.108556747436523438e-01
6.430850625038146973e-01
4.842557311058044434e-01
5.146115422248840332e-01
5.810590982437133789e-01
5.561896562576293945e-01
5.460677742958068848e-01
4.178829491138458252e-01
5.228013396263122559e-01
4.345251917839050293e-01
