5.850872397422790527e-01
3.946649730205535889e-01
7.979917526245117188e-01
4.195996224880218506e-01
4.584910869598388672e-01
5.358112454414367676e-01
3.986966609954833984e-01
4.778415858745574951e-01
8.078667521476745605e-01
2.798672318458557129e-01
4.869836568832397461e-01
4.391664862632751465e-01
3.777525424957275391e-01
5.267910957336425781e-01
4.294622242450714111e-01
4.983237981796264648e-01
5.430874228477478027e-01
4.944722950458526611e-01
4.819155335426330566e-01
5.385843515396118164e-01
5.149546265602111816e-01
4.893365502357482910e-01
4.571595788002014160e-01
4.669688045978546143e-01
4.545511603355407715e-01
6.600915789604187012e-01
5.821297168731689453e-01
4.180400967597961426e-01
4.940445125102996826e-01
4.926016628742218018e-01
5.993797779083251953e-01
4.536155760288238525e-01
3.407629728317260742e-01
4.834604859352111816e-01
4.391396045684814453e-01
5.955895781517028809e-01
3.369835317134857178e-01
4.463831186294555664e-01
3.476580083370208740e-01
5.501980185508728027e-01
4.733555018901824951e-01
4.169692099094390869e-01
4.527847468852996826e-01
4.583100378513336182e-01
6.460525989532470703e-01
4.636501073837280273e-01
6.024138927459716797e-01
5.548599362373352051e-01
7.393766641616821289e-01
5.507052540779113770e-01
4.970244467258453369e-01
4.729012846946716309e-01
3.871313929557800293e-01
4.088438451290130615e-01
4.270806610584259033e-01
3.172220885753631592e-01
3.324239552021026611e-01
2.318407148122787476e-01
5.244228839874267578e-01
4.115285277366638184e-01
5.990501642227172852e-01
2.829684913158416748e-01
4.385756254196166992e-01
4.510977566242218018e-01
4.735527038574218750e-01
5.985456705093383789e-01
3.674744665622711182e-01
5.280492901802062988e-01
5.495755076408386230e-01
4.528705477714538574e-01
4.084897339344024658e-01
4.517874121665954590e-01
4.827503561973571777e-01
3.922524750232696533e-01
1.826095581054687500e-01
5.241732001304626465e-01
3.592257201671600342e-01
6.303626298904418945e-01
4.268435239791870117e-01
4.946686625480651855e-01
4.429615437984466553e-01
2.864103317260742188e-01
4.955075979232788086e-01
4.199220836162567139e-01
4.258337616920471191e-01
4.214486181735992432e-01
4.416567683219909668e-01
5.440440177917480469e-01
5.021730661392211914e-01
3.370235562324523926e-01
4.637297093868255615e-01
4.878548979759216309e-01
5.248320102691650391e-01
3.980035483837127686e-01
4.256538748741149902e-01
3.127416968345642090e-01
5.052808523178100586e-01
4.824562072753906250e-01
3.984156548976898193e-01
5.641806721687316895e-01
4.876397848129272461e-01
4.790752232074737549e-01
4.033094644546508789e-01
4.003102481365203857e-01
5.105257034301757812e-01
4.763620197772979736e-01
3.822897672653198242e-01
5.623303651809692383e-01
5.464662313461303711e-01
5.320551991462707520e-01
4.051389098167419434e-01
5.467218160629272461e-01
6.431591510772705078e-01
7.617311477661132812e-01
3.058059811592102051e-01
4.117978215217590332e-01
3.040453195571899414e-01
3.640081882476806641e-01
4.043255150318145752e-01
5.576683282852172852e-01
4.140291810035705566e-01
3.970002233982086182e-01
4.373986423015594482e-01
4.832247197628021240e-01
5.408968925476074219e-01
3.297736644744873047e-01
5.183661580085754395e-01
3.665646016597747803e-01
4.526225030422210693e-01
6.236380934715270996e-01
6.467170119285583496e-01
5.599207878112792969e-01
5.203899741172790527e-01
4.197574853897094727e-01
4.307126700878143311e-01
5.110782384872436523e-01
4.445552527904510498e-01
4.543168246746063232e-01
4.283300042152404785e-01
4.889311492443084717e-01
5.304642915725708008e-01
4.686663448810577393e-01
3.846112489700317383e-01
4.530017375946044922e-01
3.302958309650421143e-01
4.407798647880554199e-01
5.105442404747009277e-01
5.127370953559875488e-01
5.104886889457702637e-01
4.906705617904663086e-01
6.323589086532592773e-01
4.289331138134002686e-01
5.224110484123229980e-01
6.191976666450500488e-01
5.372011661529541016e-01
4.957829415798187256e-01
3.926640450954437256e-01
4.362386465072631836e-01
4.152665734291076660e-01
6.056270003318786621e-01
5.442962646484375000e-01
4.644278287887573242e-01
4.534143805503845215e-01
5.235767960548400879e-01
5.771066546440124512e-01
4.515485465526580811e-01
3.776597380638122559e-01
6.095640659332275391e-01
3.415726125240325928e-01
3.719952106475830078e-01
4.219602346420288086e-01
3.373013436794281006e-01
6.134845614433288574e-01
4.664502441883087158e-01
5.464261174201965332e-01
4.736130833625793457e-01
5.484644174575805664e-01
5.670976638793945312e-01
4.856647849082946777e-01
4.503962099552154541e-01
5.072442293167114258e-01
5.289967060089111328e-01
5.345215201377868652e-01
5.241008400917053223e-01
4.935522377490997314e-01
4.764677584171295166e-01
4.565191566944122314e-01
3.667878508567810059e-01
4.514969289302825928e-01
4.850447475910186768e-01
4.430813193321228027e-01
4.201400876045227051e-01
3.925677239894866943e-01
4.122723639011383057e-01
3.511036932468414307e-01
5.381830334663391113e-01
3.835078179836273193e-01
4.412668943405151367e-01
3.187409341335296631e-01
4.963477849960327148e-01
8.480169177055358887e-01
3.476555049419403076e-01
4.466475248336791992e-01
5.280370712280273438e-01
5.213444232940673828e-01
4.035552740097045898e-01
4.386638700962066650e-01
5.460872650146484375e-01
2.550481557846069336e-01
1.899124383926391602e-01
4.425383508205413818e-01
6.932390928268432617e-01
5.400653481483459473e-01
6.306548714637756348e-01
3.651680052280426025e-01
6.180043220520019531e-01
6.050634980201721191e-01
4.358000457286834717e-01
5.554178357124328613e-01
7.194435000419616699e-01
4.415492713451385498e-01
5.108563303947448730e-01
4.736433327198028564e-01
3.672382235527038574e-01
5.314810872077941895e-01
5.089905858039855957e-01
3.656718134880065918e-01
4.219384193420410156e-01
1.699080765247344971e-01
3.639073371887207031e-01
4.477795064449310303e-01
4.122745990753173828e-01
4.963139891624450684e-01
5.110693573951721191e-01
3.726664483547210693e-01
4.375157952308654785e-01
5.794224143028259277e-01
6.820765733718872070e-01
5.134851336479187012e-01
4.593950808048248291e-01
5.045581459999084473e-01
8.030732870101928711e-01
3.783119320869445801e-01
6.323034167289733887e-01
3.483735322952270508e-01
5.460575819015502930e-01
6.528494954109191895e-01
6.348823904991149902e-01
4.993123412132263184e-01
4.353122413158416748e-01
4.438569545745849609e-01
4.070971012115478516e-01
2.818493545055389404e-01
4.328489899635314941e-01
5.373296141624450684e-01
5.719447731971740723e-01
4.519617557525634766e-01
3.545354604721069336e-01
4.532537758350372314e-01
3.493147790431976318e-01
4.007432460784912109e-01
5.618812441825866699e-01
3.550705015659332275e-01
4.739846289157867432e-01
4.668008089065551758e-01
5.220238566398620605e-01
5.155963301658630371e-01
3.969240486621856689e-01
6.232040524482727051e-01
1.491755247116088867e-01
4.329119324684143066e-01
3.974052369594573975e-01
4.931173026561737061e-01
1.911896616220474243e-01
4.710396826267242432e-01
3.832011818885803223e-01
4.879031777381896973e-01
4.949941933155059814e-01
6.033919453620910645e-01
6.222025156021118164e-01
4.352677762508392334e-01
6.504259109497070312e-01
4.574727714061737061e-01
5.588183999061584473e-01
4.700696170330047607e-01
4.310964047908782959e-01
6.144518256187438965e-01
3.999098241329193115e-01
4.586838185787200928e-01
4.514811038970947266e-01
4.911659657955169678e-01
5.146626234054565430e-01
4.473161101341247559e-01
4.688746035099029541e-01
4.856925606727600098e-01
6.025623083114624023e-01
5.478740930557250977e-01
5.612428188323974609e-01
4.737886786460876465e-01
4.908230006694793701e-01
3.993228673934936523e-01
4.812319874763488770e-01
6.474358439445495605e-01
4.135614037513732910e-01
5.499919056892395020e-01
6.730635762214660645e-01
2.606514394283294678e-01
4.870584011077880859e-01
4.399425387382507324e-01
3.545684516429901123e-01
5.552796125411987305e-01
4.756785929203033447e-01
4.790123999118804932e-01
5.054709315299987793e-01
4.095602929592132568e-01
4.276008605957031250e-01
5.328073501586914062e-01
5.693681240081787109e-01
5.677307844161987305e-01
5.790166854858398438e-01
5.612811446189880371e-01
6.058611273765563965e-01
5.803273320198059082e-01
3.849746882915496826e-01
4.833939075469970703e-01
2.269313186407089233e-01
4.766626954078674316e-01
7.131745219230651855e-01
4.822670817375183105e-01
6.675481796264648438e-01
4.605994820594787598e-01
7.562975883483886719e-01
4.010522365570068359e-01
4.059798121452331543e-01
4.916296601295471191e-01
4.007648527622222900e-01
5.390548110008239746e-01
4.985620081424713135e-01
3.263458609580993652e-01
4.130811095237731934e-01
3.570569753646850586e-01
4.397512078285217285e-01
5.019960403442382812e-01
4.774025082588195801e-01
5.805184245109558105e-01
4.028548896312713623e-01
5.398262143135070801e-01
4.911733865737915039e-01
3.299860656261444092e-01
1.551609635353088379e-01
1.390605270862579346e-01
3.765403628349304199e-01
4.079030752182006836e-01
5.184547901153564453e-01
4.669867157936096191e-01
5.097491741180419922e-01
6.206052899360656738e-01
5.656495690345764160e-01
5.454398393630981445e-01
6.108596920967102051e-01
3.547825813293457031e-01
4.435555338859558105e-01
7.098629474639892578e-01
4.518979787826538086e-01
4.774861633777618408e-01
5.055695772171020508e-01
5.516421794891357422e-01
5.716572999954223633e-01
3.885659575462341309e-01
3.520454168319702148e-01
4.432183206081390381e-01
5.820203423500061035e-01
3.169557154178619385e-01
4.926095306873321533e-01
4.208927452564239502e-01
4.509779214859008789e-01
4.865700900554656982e-01
6.017489433288574219e-01
4.855595827102661133e-01
4.795489311218261719e-01
4.108810424804687500e-01
6.023964285850524902e-01
4.303577244281768799e-01
5.550205707550048828e-01
3.543323874473571777e-01
4.543768465518951416e-01
6.929377317428588867e-01
7.193458676338195801e-01
4.692431092262268066e-01
3.825618624687194824e-01
6.778097152709960938e-01
3.870985507965087891e-01
4.825578033924102783e-01
4.422279298305511475e-01
4.141001701354980469e-01
4.418635368347167969e-01
4.712728261947631836e-01
5.376659035682678223e-01
4.357615113258361816e-01
6.820046305656433105e-01
5.776484012603759766e-01
4.598392844200134277e-01
4.599449336528778076e-01
4.659356176853179932e-01
4.705656766891479492e-01
4.458379149436950684e-01
4.445499181747436523e-01
5.031034350395202637e-01
5.571665763854980469e-01
7.015039324760437012e-01
3.909083306789398193e-01
4.916301667690277100e-01
6.187258958816528320e-01
5.256458520889282227e-01
4.630258083343505859e-01
4.764510095119476318e-01
3.004994094371795654e-01
5.173038840293884277e-01
5.399282574653625488e-01
5.267329812049865723e-01
4.277757108211517334e-01
4.438316524028778076e-01
4.932534396648406982e-01
3.760278522968292236e-01
7.360156178474426270e-01
4.748087823390960693e-01
4.401346743106842041e-01
4.840550422668457031e-01
4.689595401287078857e-01
6.144707202911376953e-01
4.985590875148773193e-01
4.521980583667755127e-01
5.048630833625793457e-01
7.047241330146789551e-01
4.431464672088623047e-01
6.334719061851501465e-01
4.322872161865234375e-01
5.027381777763366699e-01
6.216740012168884277e-01
4.541454613208770752e-01
6.224986910820007324e-01
4.018270075321197510e-01
3.489144444465637207e-01
3.152410387992858887e-01
2.563848197460174561e-01
5.687586069107055664e-01
5.942476391792297363e-01
3.900684416294097900e-01
4.598915576934814453e-01
5.345140695571899414e-01
4.998983144760131836e-01
4.782106876373291016e-01
4.230779111385345459e-01
5.368315577507019043e-01
3.383905589580535889e-01
4.871554374694824219e-01
4.985227882862091064e-01
3.667609095573425293e-01
5.821742415428161621e-01
8.199213147163391113e-01
5.391269922256469727e-01
5.159364938735961914e-01
4.140985310077667236e-01
5.150974988937377930e-01
4.538116157054901123e-01
4.365670084953308105e-01
4.330452978610992432e-01
3.433497250080108643e-01
3.110477626323699951e-01
5.350846052169799805e-01
5.063046216964721680e-01
4.127632081508636475e-01
6.702822446823120117e-01
4.295218586921691895e-01
5.390003919601440430e-01
4.217176139354705811e-01
4.587248265743255615e-01
5.050620436668395996e-01
4.875662922859191895e-01
6.375575661659240723e-01
5.524313449859619141e-01
5.325841903686523438e-01
6.575856804847717285e-01
3.804285526275634766e-01
4.768017232418060303e-01
4.508812427520751953e-01
4.375135898590087891e-01
6.392673254013061523e-01
4.650399982929229736e-01
4.510898590087890625e-01
4.380733072757720947e-01
4.161437749862670898e-01
5.227084159851074219e-01
4.281881153583526611e-01
5.380142927169799805e-01
5.061480402946472168e-01
6.687914133071899414e-01
4.576512575149536133e-01
5.342487692832946777e-01
4.925262928009033203e-01
4.260208308696746826e-01
4.011938571929931641e-01
3.109067082405090332e-01
4.890342652797698975e-01
4.846091270446777344e-01
6.439700722694396973e-01
3.800632655620574951e-01
4.667064249515533447e-01
4.940845072269439697e-01
6.353245377540588379e-01
4.024421870708465576e-01
4.868338406085968018e-01
3.289827108383178711e-01
4.106317758560180664e-01
4.841684997081756592e-01
4.058007597923278809e-01
5.055996775627136230e-01
3.980283141136169434e-01
5.112590789794921875e-01
6.317675709724426270e-01
7.091668844223022461e-01
5.529471635818481445e-01
6.461006402969360352e-01
4.242737889289855957e-01
6.201663017272949219e-01
3.460446894168853760e-01
4.862387776374816895e-01
4.672217965126037598e-01
4.866911768913269043e-01
3.349117040634155273e-01
4.953458309173583984e-01
5.297864675521850586e-01
5.350308418273925781e-01
6.384517550468444824e-01
4.163185060024261475e-01
4.199623167514801025e-01
4.888774454593658447e-01
5.293523073196411133e-01
5.462413430213928223e-01
5.291647315025329590e-01
6.060823798179626465e-01
5.240081548690795898e-01
4.790919423103332520e-01
4.507514536380767822e-01
4.830364584922790527e-01
2.188998460769653320e-01
4.929419457912445068e-01
6.331863999366760254e-01
5.270752906799316406e-01
4.427525997161865234e-01
5.131527185440063477e-01
6.429821848869323730e-01
4.764110445976257324e-01
3.489775061607360840e-01
4.891674220561981201e-01
3.993236720561981201e-01
4.916197359561920166e-01
5.702172517776489258e-01
4.715660512447357178e-01
4.699075520038604736e-01
6.023786067962646484e-01
4.996046423912048340e-01
2.473374754190444946e-01
6.884108781814575195e-01
5.302711725234985352e-01
5.517067909240722656e-01
4.462223351001739502e-01
4.990989863872528076e-01
4.820390939712524414e-01
5.381960868835449219e-01
5.038589239120483398e-01
4.566766917705535889e-01
8.449145555496215820e-01
3.632836937904357910e-01
4.749475121498107910e-01
4.906958341598510742e-01
4.937481284141540527e-01
3.984613120555877686e-01
3.525250852108001709e-01
4.730425775051116943e-01
3.149470388889312744e-01
2.036541700363159180e-01
4.709148705005645752e-01
4.174610972404479980e-01
5.099174976348876953e-01
4.984712004661560059e-01
5.077381730079650879e-01
5.590268373489379883e-01
5.228274464607238770e-01
3.713352680206298828e-01
9.284842759370803833e-02
4.953494071960449219e-01
5.621650815010070801e-01
5.300541520118713379e-01
5.804384350776672363e-01
6.706944108009338379e-01
4.383855462074279785e-01
4.094516932964324951e-01
4.806996881961822510e-01
3.542222082614898682e-01
4.915166497230529785e-01
5.140125751495361328e-01
6.572855710983276367e-01
5.782955884933471680e-01
4.234269857406616211e-01
4.382463991641998291e-01
5.329495668411254883e-01
3.822428286075592041e-01
3.649101555347442627e-01
5.030259490013122559e-01
5.635283589363098145e-01
4.826991856098175049e-01
4.943267703056335449e-01
4.833602607250213623e-01
5.305262804031372070e-01
3.939850032329559326e-01
3.328462839126586914e-01
3.636039495468139648e-01
7.376453876495361328e-01
4.436258673667907715e-01
3.084312081336975098e-01
4.978158473968505859e-01
4.917132854461669922e-01
5.551260709762573242e-01
3.389674127101898193e-01
4.068474769592285156e-01
4.448953270912170410e-01
4.370581507682800293e-01
6.198174357414245605e-01
3.848036527633666992e-01
4.731871187686920166e-01
4.747272431850433350e-01
4.953202307224273682e-01
4.261303842067718506e-01
4.527675211429595947e-01
3.535967171192169189e-01
5.480467677116394043e-01
4.987121820449829102e-01
4.928033649921417236e-01
4.418996274471282959e-01
5.690089464187622070e-01
3.688079416751861572e-01
6.027914881706237793e-01
5.810983777046203613e-01
4.061036705970764160e-01
4.917695224285125732e-01
4.522341191768646240e-01
3.693723082542419434e-01
3.221909403800964355e-01
5.231864452362060547e-01
6.386227011680603027e-01
4.000594019889831543e-01
5.734966993331909180e-01
4.304730892181396484e-01
3.883150517940521240e-01
4.827127158641815186e-01
4.712804257869720459e-01
3.740079104900360107e-01
4.671469330787658691e-01
4.981599152088165283e-01
6.085077524185180664e-01
5.175747275352478027e-01
7.202814817428588867e-01
4.507174193859100342e-01
4.928354620933532715e-01
4.684906303882598877e-01
4.167760312557220459e-01
4.601258933544158936e-01
4.434769153594970703e-01
4.556711912155151367e-01
5.263316035270690918e-01
4.802321493625640869e-01
3.690443933010101318e-01
5.020595192909240723e-01
6.031407117843627930e-01
5.231372117996215820e-01
4.165903329849243164e-01
5.570210814476013184e-01
4.823449850082397461e-01
4.508598744869232178e-01
4.942194521427154541e-01
3.777647912502288818e-01
3.302706778049468994e-01
3.215251863002777100e-01
4.981251657009124756e-01
5.181541442871093750e-01
5.864870548248291016e-01
3.988948464393615723e-01
3.601968586444854736e-01
4.462898075580596924e-01
4.232032299041748047e-01
4.170199334621429443e-01
4.853545129299163818e-01
5.603803396224975586e-01
5.141522288322448730e-01
4.820817410945892334e-01
4.588456451892852783e-01
4.615406990051269531e-01
4.187946617603302002e-01
3.205207884311676025e-01
5.109858512878417969e-01
5.067237019538879395e-01
4.466201961040496826e-01
4.800356626510620117e-01
4.782277047634124756e-01
5.771546363830566406e-01
5.065882205963134766e-01
4.622661769390106201e-01
5.941897630691528320e-01
3.984188139438629150e-01
5.319232344627380371e-01
7.206314802169799805e-01
5.056102871894836426e-01
4.957805573940277100e-01
6.004151701927185059e-01
4.683658480644226074e-01
5.368503332138061523e-01
4.733276069164276123e-01
4.702341258525848389e-01
4.791809320449829102e-01
4.593245983123779297e-01
4.614097774028778076e-01
4.468892812728881836e-01
4.480288028717041016e-01
4.685428142547607422e-01
4.398464560508728027e-01
4.284533560276031494e-01
4.586033821105957031e-01
5.210267901420593262e-01
4.861913323402404785e-01
5.312767624855041504e-01
4.301427304744720459e-01
6.488224864006042480e-01
4.529311954975128174e-01
4.136439859867095947e-01
2.750755250453948975e-01
3.930218815803527832e-01
4.451976418495178223e-01
3.036475181579589844e-01
5.694154500961303711e-01
4.028343558311462402e-01
4.197719395160675049e-01
5.348405241966247559e-01
7.790013551712036133e-01
3.899891972541809082e-01
6.090525984764099121e-01
1.884509921073913574e-01
4.224824309349060059e-01
3.929485678672790527e-01
4.368359744548797607e-01
4.314129352569580078e-01
4.698579609394073486e-01
5.897194743156433105e-01
4.264246523380279541e-01
4.306100308895111084e-01
6.271889209747314453e-01
3.123645186424255371e-01
2.621413171291351318e-01
3.347539305686950684e-01
5.245195031166076660e-01
2.644030749797821045e-01
6.772832870483398438e-01
6.285955309867858887e-01
5.693506002426147461e-01
3.555656373500823975e-01
4.899580776691436768e-01
6.203158497810363770e-01
3.804733455181121826e-01
5.361198782920837402e-01
4.276242852210998535e-01
5.934833884239196777e-01
5.118724703788757324e-01
4.124886393547058105e-01
5.776309370994567871e-01
5.481023788452148438e-01
5.178416967391967773e-01
5.745312571525573730e-01
5.080500245094299316e-01
6.748471260070800781e-01
6.981191039085388184e-01
4.892294108867645264e-01
3.955891728401184082e-01
4.728011786937713623e-01
3.372840583324432373e-01
9.785324335098266602e-01
3.328277468681335449e-01
5.953905582427978516e-01
4.547297954559326172e-01
3.786949217319488525e-01
5.041536688804626465e-01
7.102411985397338867e-01
1.743299365043640137e-01
4.470373690128326416e-01
5.042617321014404297e-01
5.231186747550964355e-01
2.306506335735321045e-01
5.070772171020507812e-01
5.338518023490905762e-01
5.098694562911987305e-01
3.959320187568664551e-01
4.551527500152587891e-01
3.836691975593566895e-01
4.119536876678466797e-01
4.011490345001220703e-01
4.527167379856109619e-01
5.940074324607849121e-01
5.905542373657226562e-01
4.581335484981536865e-01
6.503872275352478027e-01
6.948784589767456055e-01
3.561139404773712158e-01
3.580825626850128174e-01
5.603439807891845703e-01
2.259665131568908691e-01
6.025394201278686523e-01
4.563171267509460449e-01
6.648734807968139648e-01
3.616356253623962402e-01
4.731884896755218506e-01
2.563739717006683350e-01
3.761429786682128906e-01
4.838733673095703125e-01
5.268587470054626465e-01
4.413873851299285889e-01
4.153916537761688232e-01
5.806573629379272461e-01
4.565309882164001465e-01
3.263884484767913818e-01
3.345723748207092285e-01
4.842215180397033691e-01
4.901708066463470459e-01
4.977720081806182861e-01
5.603212118148803711e-01
4.899275898933410645e-01
3.632248938083648682e-01
5.838230252265930176e-01
3.413412272930145264e-01
6.316409707069396973e-01
6.591887474060058594e-01
4.976315796375274658e-01
3.792778253555297852e-01
6.842465996742248535e-01
7.411863207817077637e-01
2.690393626689910889e-01
4.295250773429870605e-01
4.696425497531890869e-01
4.385875463485717773e-01
4.353812932968139648e-01
5.137192606925964355e-01
4.051680564880371094e-01
5.031470060348510742e-01
3.915570676326751709e-01
5.143871903419494629e-01
5.069565176963806152e-01
4.706436395645141602e-01
5.797028541564941406e-01
4.375635385513305664e-01
4.648355841636657715e-01
4.464107155799865723e-01
6.266043782234191895e-01
5.287708640098571777e-01
5.060622692108154297e-01
3.521896600723266602e-01
5.030759572982788086e-01
7.217035889625549316e-01
6.691678166389465332e-01
5.776560902595520020e-01
5.046298503875732422e-01
4.167809784412384033e-01
3.246709406375885010e-01
2.710514366626739502e-01
4.794910252094268799e-01
6.176070570945739746e-01
6.268841624259948730e-01
7.076417803764343262e-01
5.430837273597717285e-01
5.276613235473632812e-01
5.189099907875061035e-01
5.346668958663940430e-01
5.498514771461486816e-01
5.673701167106628418e-01
4.378433525562286377e-01
4.705450534820556641e-01
5.225629806518554688e-01
3.541409969329833984e-01
4.744636118412017822e-01
5.096399784088134766e-01
3.809577822685241699e-01
4.911881685256958008e-01
3.998207449913024902e-01
5.980032682418823242e-01
3.454556763172149658e-01
5.642574429512023926e-01
7.256731390953063965e-01
4.828638434410095215e-01
3.695477545261383057e-01
4.471825957298278809e-01
5.289356112480163574e-01
5.399430990219116211e-01
3.683402538299560547e-01
4.991553127765655518e-01
4.101485908031463623e-01
5.227136015892028809e-01
4.979385137557983398e-01
5.089736580848693848e-01
3.117957711219787598e-01
5.937262773513793945e-01
6.141899824142456055e-01
3.184814155101776123e-01
5.476390123367309570e-01
2.924673557281494141e-01
2.147523462772369385e-01
4.562585353851318359e-01
4.669232368469238281e-01
4.202069342136383057e-01
5.056679248809814453e-01
4.382241666316986084e-01
3.733645379543304443e-01
4.048008918762207031e-01
3.791704773902893066e-01
3.982138335704803467e-01
5.909714102745056152e-01
4.144332408905029297e-01
3.590979576110839844e-01
4.928068816661834717e-01
6.943106651306152344e-01
4.823345243930816650e-01
4.679189920425415039e-01
5.480359792709350586e-01
4.797894954681396484e-01
5.053468346595764160e-01
5.806239843368530273e-01
5.027723312377929688e-01
5.643143057823181152e-01
5.584610700607299805e-01
5.756544470787048340e-01
2.567330896854400635e-01
4.495315253734588623e-01
4.394320547580718994e-01
6.453372240066528320e-01
3.512606322765350342e-01
4.506992399692535400e-01
3.471434712409973145e-01
2.921372354030609131e-01
3.927935063838958740e-01
5.067902803421020508e-01
6.047843098640441895e-01
4.758946895599365234e-01
4.223589897155761719e-01
4.866371154785156250e-01
5.113499164581298828e-01
4.379570186138153076e-01
4.667042195796966553e-01
4.314391613006591797e-01
8.585066795349121094e-01
3.864450752735137939e-01
4.210690557956695557e-01
3.190705478191375732e-01
4.445630609989166260e-01
4.606625437736511230e-01
5.105288028717041016e-01
5.509057044982910156e-01
4.163084626197814941e-01
5.945566296577453613e-01
5.478566288948059082e-01
4.091719388961791992e-01
2.926459908485412598e-01
6.419365406036376953e-01
3.396457731723785400e-01
4.232452809810638428e-01
4.312853813171386719e-01
4.630783200263977051e-01
4.696336984634399414e-01
4.633104801177978516e-01
5.754151940345764160e-01
4.744837582111358643e-01
4.706601798534393311e-01
4.260050356388092041e-01
4.398420155048370361e-01
3.985343873500823975e-01
4.298675060272216797e-01
5.653305053710937500e-01
6.294167041778564453e-01
5.181977152824401855e-01
5.636801719665527344e-01
5.063635110855102539e-01
4.301763772964477539e-01
4.610140621662139893e-01
4.069634377956390381e-01
4.556307494640350342e-01
1.223798751831054688e+00
6.038275361061096191e-01
7.474980354309082031e-01
3.762046694755554199e-01
2.939689457416534424e-01
3.873533010482788086e-01
5.248508453369140625e-01
4.302709400653839111e-01
5.200889110565185547e-01
2.544395029544830322e-01
4.788943827152252197e-01
5.255752205848693848e-01
5.394590497016906738e-01
4.832392632961273193e-01
5.080979466438293457e-01
4.865844249725341797e-01
3.839519619941711426e-01
4.214483499526977539e-01
3.710725605487823486e-01
6.825461387634277344e-01
5.250838398933410645e-01
3.993547856807708740e-01
4.641746878623962402e-01
5.182616114616394043e-01
4.360555410385131836e-01
5.767973661422729492e-01
5.640068650245666504e-01
5.371039509773254395e-01
4.054069519042968750e-01
3.115934729576110840e-01
5.446585416793823242e-01
3.183501362800598145e-01
6.165667772293090820e-01
6.641476750373840332e-01
4.498598575592041016e-01
4.874405264854431152e-01
4.442833065986633301e-01
6.735999584197998047e-01
4.473309516906738281e-01
4.199587702751159668e-01
4.542140066623687744e-01
3.970993459224700928e-01
5.498386025428771973e-01
4.717043340206146240e-01
5.804534554481506348e-01
4.576697349548339844e-01
4.174895882606506348e-01
3.791606724262237549e-01
4.595376253128051758e-01
5.353488326072692871e-01
3.813281059265136719e-01
4.280444681644439697e-01
4.555325806140899658e-01
4.987869560718536377e-01
4.312516748905181885e-01
3.749997317790985107e-01
5.449739694595336914e-01
5.111298561096191406e-01
4.048931002616882324e-01
3.398687839508056641e-01
5.847063064575195312e-01
4.675039947032928467e-01
5.558382272720336914e-01
3.917440176010131836e-01
5.132381916046142578e-01
4.221508204936981201e-01
5.368427634239196777e-01
4.252215921878814697e-01
5.087517499923706055e-01
4.984679222106933594e-01
5.899405479431152344e-01
4.415233433246612549e-01
3.307886421680450439e-01
5.989630818367004395e-01
5.004847645759582520e-01
7.403876781463623047e-01
5.627018809318542480e-01
4.778358042240142822e-01
5.526314377784729004e-01
3.878877162933349609e-01
4.321682155132293701e-01
5.959401130676269531e-01
4.795539379119873047e-01
2.901643216609954834e-01
4.751877188682556152e-01
6.548041701316833496e-01
5.309700369834899902e-01
5.620217323303222656e-01
5.293510556221008301e-01
7.533096075057983398e-01
8.346957564353942871e-01
6.140494346618652344e-01
5.719758868217468262e-01
5.197218656539916992e-01
5.714586973190307617e-01
5.258727073669433594e-01
4.033068418502807617e-01
4.320485591888427734e-01
4.238950014114379883e-01
7.351183295249938965e-01
3.321372568607330322e-01
3.657709658145904541e-01
3.394987285137176514e-01
3.753054141998291016e-01
4.796913266181945801e-01
3.723858892917633057e-01
4.959050118923187256e-01
3.463093638420104980e-01
4.037686288356781006e-01
4.618059992790222168e-01
4.499351382255554199e-01
4.656052589416503906e-01
4.289705455303192139e-01
5.910003185272216797e-01
4.968324303627014160e-01
4.213827848434448242e-01
4.061429500579833984e-01
4.726405739784240723e-01
6.973320841789245605e-01
4.397161900997161865e-01
4.660414159297943115e-01
5.726897716522216797e-01
3.725588917732238770e-01
4.859957396984100342e-01
7.248280048370361328e-01
4.579448401927947998e-01
4.280960559844970703e-01
5.323625206947326660e-01
3.951048552989959717e-01
4.180497825145721436e-01
5.927239060401916504e-01
2.307175993919372559e-01
4.576206505298614502e-01
4.041205942630767822e-01
4.698536098003387451e-01
5.088533163070678711e-01
3.483235836029052734e-01
6.396470069885253906e-01
4.591309428215026855e-01
4.851388633251190186e-01
5.877261161804199219e-01
3.818336427211761475e-01
4.983008205890655518e-01
5.130990147590637207e-01
4.502112269401550293e-01
3.428127169609069824e-01
6.014316678047180176e-01
3.996775448322296143e-01
4.058574438095092773e-01
4.798358082771301270e-01
4.579742252826690674e-01
4.288782477378845215e-01
4.672758877277374268e-01
3.364675045013427734e-01
4.339287877082824707e-01
4.280769526958465576e-01
6.127706170082092285e-01
5.359399914741516113e-01
5.949923396110534668e-01
2.811732292175292969e-01
4.724713861942291260e-01
6.075313687324523926e-01
4.907186925411224365e-01
5.095390081405639648e-01
4.515931308269500732e-01
4.051752686500549316e-01
5.164849162101745605e-01
4.372010231018066406e-01
5.039331316947937012e-01
6.142108440399169922e-01
2.759788930416107178e-01
5.316807627677917480e-01
3.938911855220794678e-01
4.376082122325897217e-01
5.863789319992065430e-01
5.184360146522521973e-01
6.070801615715026855e-01
5.001950263977050781e-01
4.565753042697906494e-01
3.768082857131958008e-01
3.781739473342895508e-01
5.358028411865234375e-01
4.576860070228576660e-01
4.823794960975646973e-01
5.255218148231506348e-01
4.385457336902618408e-01
5.120583772659301758e-01
5.511316061019897461e-01
4.410842061042785645e-01
4.504925012588500977e-01
4.193861186504364014e-01
1.975653916597366333e-01
4.680993258953094482e-01
5.783705115318298340e-01
5.191676616668701172e-01
5.300645232200622559e-01
4.068928062915802002e-01
4.345774650573730469e-01
5.322862863540649414e-01
5.340545773506164551e-01
4.974526762962341309e-01
5.504345297813415527e-01
4.266332089900970459e-01
4.860111176967620850e-01
2.527339756488800049e-01
6.722869873046875000e-01
4.491323232650756836e-01
4.384388029575347900e-01
4.087572693824768066e-01
4.322759807109832764e-01
1.307150125503540039e-01
3.847077488899230957e-01
3.927963078022003174e-01
4.868340790271759033e-01
4.979466497898101807e-01
5.435566306114196777e-01
4.552687704563140869e-01
4.935842156410217285e-01
5.275981426239013672e-01
5.555559396743774414e-01
4.879648685455322266e-01
4.903308749198913574e-01
4.054217934608459473e-01
3.721177577972412109e-01
7.563861012458801270e-01
5.222511291503906250e-01
4.926292002201080322e-01
5.637149214744567871e-01
4.201343655586242676e-01
4.346742331981658936e-01
4.174835085868835449e-01
4.499680399894714355e-01
6.737443804740905762e-01
4.221005439758300781e-01
4.112363159656524658e-01
5.932372212409973145e-01
3.557631075382232666e-01
6.911555528640747070e-01
5.127704143524169922e-01
4.152292013168334961e-01
5.251670479774475098e-01
3.523891568183898926e-01
6.388469934463500977e-01
4.838658571243286133e-01
4.930398762226104736e-01
3.805347383022308350e-01
5.736632943153381348e-01
5.067720413208007812e-01
4.882072210311889648e-01
3.740937113761901855e-01
4.786805212497711182e-01
4.695175588130950928e-01
5.262952446937561035e-01
4.837855100631713867e-01
7.848502993583679199e-01
4.735118448734283447e-01
2.673117220401763916e-01
4.549913704395294189e-01
9.308094382286071777e-01
4.630566835403442383e-01
4.418413639068603516e-01
5.693023204803466797e-01
4.735070466995239258e-01
5.899330973625183105e-01
3.593547344207763672e-01
3.332692086696624756e-01
2.336385697126388550e-01
5.043028593063354492e-01
5.346864461898803711e-01
3.728054463863372803e-01
3.980840444564819336e-01
4.753865599632263184e-01
4.708169698715209961e-01
4.862745702266693115e-01
5.018977522850036621e-01
4.901722967624664307e-01
4.130388796329498291e-01
7.067741155624389648e-01
5.410720109939575195e-01
4.588637351989746094e-01
4.892457127571105957e-01
4.032633304595947266e-01
3.996362984180450439e-01
5.002261400222778320e-01
6.247118115425109863e-01
3.864447176456451416e-01
5.191940665245056152e-01
4.987446963787078857e-01
2.927410602569580078e-01
5.388840436935424805e-01
6.518253087997436523e-01
5.471857190132141113e-01
3.669183254241943359e-01
6.608968377113342285e-01
3.912732005119323730e-01
6.249672174453735352e-01
6.336129307746887207e-01
3.357602357864379883e-01
4.742874503135681152e-01
9.231877326965332031e-01
2.305957078933715820e-01
5.084312558174133301e-01
4.194546043872833252e-01
5.261837840080261230e-01
6.136468052864074707e-01
6.370898485183715820e-01
5.683597922325134277e-01
5.469260811805725098e-01
1.570135354995727539e-01
5.618192553520202637e-01
4.617226719856262207e-01
3.350092768669128418e-01
4.323377311229705811e-01
4.341977536678314209e-01
5.765252709388732910e-01
6.162536144256591797e-01
7.300668954849243164e-01
6.139513254165649414e-01
4.900996088981628418e-01
5.734938979148864746e-01
4.394460916519165039e-01
2.855203151702880859e-01
5.562340617179870605e-01
3.507103919982910156e-01
4.505514502525329590e-01
3.513922095298767090e-01
3.017007112503051758e-01
4.536373615264892578e-01
5.215719938278198242e-01
4.907391071319580078e-01
4.063552021980285645e-01
4.300191402435302734e-01
5.233660340309143066e-01
4.963122904300689697e-01
4.396091699600219727e-01
5.511801838874816895e-01
5.635411143302917480e-01
5.863747000694274902e-01
8.353577256202697754e-01
1.588088124990463257e-01
4.963351190090179443e-01
4.742081165313720703e-01
3.584465086460113525e-01
4.662330448627471924e-01
4.357715547084808350e-01
5.887340903282165527e-01
3.423666954040527344e-01
4.804386198520660400e-01
4.965954720973968506e-01
6.437450051307678223e-01
6.105176210403442383e-01
4.853688478469848633e-01
4.838156402111053467e-01
4.404657185077667236e-01
4.953086376190185547e-01
4.887215495109558105e-01
5.203899145126342773e-01
5.165314674377441406e-01
4.716039299964904785e-01
4.746566414833068848e-01
4.939661622047424316e-01
8.550463914871215820e-01
4.400654137134552002e-01
5.358806848526000977e-01
3.852784335613250732e-01
4.118784964084625244e-01
3.485433757305145264e-01
1.011996984481811523e+00
3.925819694995880127e-01
5.686895251274108887e-01
2.844908833503723145e-01
4.337824583053588867e-01
7.010768055915832520e-01
3.766903281211853027e-01
3.654337823390960693e-01
9.418294429779052734e-01
5.379790663719177246e-01
6.128979325294494629e-01
4.408405125141143799e-01
3.273427486419677734e-01
5.914081931114196777e-01
5.478964447975158691e-01
3.283130526542663574e-01
5.686104297637939453e-01
5.679993629455566406e-01
5.262249708175659180e-01
5.389786362648010254e-01
4.967182576656341553e-01
9.747268557548522949e-01
1.134570017457008362e-01
5.427027940750122070e-01
4.168480932712554932e-01
4.391918480396270752e-01
4.908603727817535400e-01
4.702050089836120605e-01
4.293702840805053711e-01
3.378117680549621582e-01
5.242195725440979004e-01
5.140717625617980957e-01
6.962934732437133789e-01
5.755494832992553711e-01
5.326085090637207031e-01
4.661578834056854248e-01
5.142748355865478516e-01
3.782498836517333984e-01
5.708100199699401855e-01
6.095920205116271973e-01
4.773393273353576660e-01
3.565166592597961426e-01
4.919391870498657227e-01
6.409854292869567871e-01
4.197663366794586182e-01
6.558833718299865723e-01
4.881942570209503174e-01
5.279110670089721680e-01
5.109439492225646973e-01
5.157548785209655762e-01
4.604858756065368652e-01
4.188473820686340332e-01
6.639119386672973633e-01
3.254706859588623047e-01
3.879305720329284668e-01
4.758904576301574707e-01
6.902481317520141602e-01
5.545893907546997070e-01
5.108447670936584473e-01
5.288980603218078613e-01
3.965230286121368408e-01
3.768445253372192383e-01
4.493808746337890625e-01
4.187661707401275635e-01
5.308759808540344238e-01
4.568458497524261475e-01
5.537779331207275391e-01
4.105325937271118164e-01
5.771603584289550781e-01
1.480089128017425537e-01
5.541909933090209961e-01
3.789280951023101807e-01
4.701327979564666748e-01
4.056294858455657959e-01
4.064403474330902100e-01
5.630145668983459473e-01
5.170953869819641113e-01
2.443788945674896240e-01
3.457885682582855225e-01
4.606522023677825928e-01
4.076862633228302002e-01
4.316702783107757568e-01
6.238934397697448730e-01
4.537695944309234619e-01
5.093330144882202148e-01
5.053073167800903320e-01
3.775087594985961914e-01
4.024922549724578857e-01
5.820471048355102539e-01
8.359019160270690918e-01
4.501120448112487793e-01
5.433592200279235840e-01
9.132899641990661621e-01
4.529187083244323730e-01
4.006671607494354248e-01
5.633805990219116211e-01
5.464913249015808105e-01
8.079887032508850098e-01
5.820805430412292480e-01
4.801228046417236328e-01
3.250263631343841553e-01
6.362600326538085938e-01
5.123243927955627441e-01
4.897972941398620605e-01
3.118543922901153564e-01
5.386642813682556152e-01
3.421365320682525635e-01
3.946537375450134277e-01
4.219782948493957520e-01
4.897651672363281250e-01
6.531757712364196777e-01
4.602990746498107910e-01
4.759151637554168701e-01
4.519407451152801514e-01
5.150880813598632812e-01
5.147752165794372559e-01
4.076348841190338135e-01
4.775354862213134766e-01
4.054751396179199219e-01
4.688737094402313232e-01
5.305762887001037598e-01
4.738161861896514893e-01
6.745309829711914062e-01
4.408536255359649658e-01
4.056518077850341797e-01
3.027018010616302490e-01
3.151852488517761230e-01
5.139914751052856445e-01
6.411212086677551270e-01
5.078337192535400391e-01
3.606409728527069092e-01
4.699383676052093506e-01
5.003579258918762207e-01
2.734522819519042969e-01
4.705222845077514648e-01
5.074383616447448730e-01
2.664091289043426514e-01
3.833488225936889648e-01
4.747494757175445557e-01
5.605691075325012207e-01
5.803766846656799316e-01
5.595968961715698242e-01
5.280749201774597168e-01
5.440612435340881348e-01
4.897394478321075439e-01
5.181037783622741699e-01
4.985463917255401611e-01
4.299482703208923340e-01
4.124918580055236816e-01
6.313614845275878906e-01
5.178042650222778320e-01
6.065185666084289551e-01
4.276986122131347656e-01
4.334369897842407227e-01
5.013650655746459961e-01
4.507328271865844727e-01
4.651891291141510010e-01
5.732395648956298828e-01
5.090793371200561523e-01
5.022268295288085938e-01
5.359927415847778320e-01
4.628703892230987549e-01
5.625824332237243652e-01
4.118603169918060303e-01
4.617407023906707764e-01
4.638292491436004639e-01
3.774984180927276611e-01
5.107814073562622070e-01
4.860176444053649902e-01
5.466193556785583496e-01
5.280248522758483887e-01
7.737424373626708984e-01
5.716621279716491699e-01
6.863270401954650879e-01
5.707321166992187500e-01
7.157242298126220703e-01
5.374625325202941895e-01
4.700453281402587891e-01
4.049652516841888428e-01
5.873579978942871094e-01
3.291184604167938232e-01
4.583278596401214600e-01
4.672965109348297119e-01
6.087149977684020996e-01
4.241905510425567627e-01
5.981163978576660156e-01
4.358555674552917480e-01
4.518060982227325439e-01
6.172738075256347656e-01
4.005052745342254639e-01
5.217038989067077637e-01
4.273452758789062500e-01
5.694129467010498047e-01
5.078516006469726562e-01
4.837077856063842773e-01
5.603280663490295410e-01
4.456680119037628174e-01
5.578660964965820312e-01
4.183136820793151855e-01
5.543308258056640625e-01
4.518813192844390869e-01
5.735782980918884277e-01
4.357793629169464111e-01
6.027109026908874512e-01
2.669332921504974365e-01
5.305509567260742188e-01
4.932048916816711426e-01
3.455894589424133301e-01
4.653449058532714844e-01
4.248914122581481934e-01
4.823203980922698975e-01
3.758809268474578857e-01
4.801912009716033936e-01
4.677772819995880127e-01
5.070951581001281738e-01
4.796541631221771240e-01
4.579758942127227783e-01
5.605960488319396973e-01
4.168317317962646484e-01
4.138160645961761475e-01
4.340359866619110107e-01
4.844510853290557861e-01
4.167522490024566650e-01
5.075640678405761719e-01
4.887019693851470947e-01
3.678082525730133057e-01
5.459066629409790039e-01
4.131149351596832275e-01
5.491065382957458496e-01
4.420892298221588135e-01
4.650123715400695801e-01
4.025306999683380127e-01
3.443664312362670898e-01
4.413417875766754150e-01
4.416890144348144531e-01
4.955089688301086426e-01
5.518234968185424805e-01
5.520125627517700195e-01
5.710901021957397461e-01
3.747844994068145752e-01
3.996636569499969482e-01
3.202480673789978027e-01
4.338541626930236816e-01
5.969962477684020996e-01
4.629287421703338623e-01
6.001249551773071289e-01
6.375836133956909180e-01
4.767582416534423828e-01
5.527862906455993652e-01
4.589004516601562500e-01
5.358462333679199219e-01
6.092297434806823730e-01
6.367880702018737793e-01
4.693842232227325439e-01
4.223801791667938232e-01
4.389732778072357178e-01
4.875111579895019531e-01
4.540390968322753906e-01
4.279423952102661133e-01
6.302704215049743652e-01
3.794222176074981689e-01
5.341587662696838379e-01
5.042441487312316895e-01
4.733747839927673340e-01
3.569790720939636230e-01
4.532571136951446533e-01
6.620877385139465332e-01
3.696502447128295898e-01
4.758629202842712402e-01
5.328172445297241211e-01
3.770845830440521240e-01
3.790603578090667725e-01
4.875441193580627441e-01
5.773823857307434082e-01
5.396082401275634766e-01
4.175209999084472656e-01
3.175169825553894043e-01
4.401542246341705322e-01
4.470106661319732666e-01
4.243429601192474365e-01
4.883824288845062256e-01
4.993206858634948730e-01
4.963670372962951660e-01
4.446682929992675781e-01
3.652394413948059082e-01
4.824171364307403564e-01
5.208931565284729004e-01
5.071922540664672852e-01
5.603165030479431152e-01
4.578047394752502441e-01
4.998430907726287842e-01
9.352981448173522949e-01
4.793450236320495605e-01
4.309737086296081543e-01
3.994041383266448975e-01
3.947651386260986328e-01
5.195580720901489258e-01
4.086964726448059082e-01
4.589133262634277344e-01
4.242880642414093018e-01
5.487914085388183594e-01
4.523329436779022217e-01
4.652930200099945068e-01
4.343071281909942627e-01
4.078471958637237549e-01
3.720209300518035889e-01
6.146844625473022461e-01
5.289576053619384766e-01
5.155281424522399902e-01
5.065793395042419434e-01
4.234113395214080811e-01
4.172815680503845215e-01
6.305513381958007812e-01
4.525941610336303711e-01
4.843908548355102539e-01
2.808993458747863770e-01
3.762721121311187744e-01
4.360024929046630859e-01
5.796266198158264160e-01
4.129554331302642822e-01
2.849351465702056885e-01
4.195609092712402344e-01
5.910588502883911133e-01
3.574294745922088623e-01
6.661214232444763184e-01
6.804825663566589355e-01
5.229558944702148438e-01
4.727287590503692627e-01
5.095074176788330078e-01
5.757138729095458984e-01
4.811847507953643799e-01
4.174010753631591797e-01
5.345396995544433594e-01
5.663139224052429199e-01
5.405617952346801758e-01
3.687642514705657959e-01
5.080433487892150879e-01
6.872627139091491699e-01
5.765652656555175781e-01
9.179034829139709473e-01
5.952479243278503418e-01
5.803633332252502441e-01
6.368598937988281250e-01
4.813272655010223389e-01
4.083723723888397217e-01
4.841345548629760742e-01
3.930293023586273193e-01
7.014390826225280762e-01
4.333945810794830322e-01
4.958694279193878174e-01
5.292712450027465820e-01
5.172328948974609375e-01
5.705009698867797852e-01
4.114725589752197266e-01
3.372420370578765869e-01
4.660055339336395264e-01
5.395838022232055664e-01
6.263659000396728516e-01
3.945581614971160889e-01
5.118929147720336914e-01
5.248193740844726562e-01
4.471231997013092041e-01
4.229259788990020752e-01
3.885387480258941650e-01
4.564309120178222656e-01
4.285327792167663574e-01
5.547842979431152344e-01
4.415893554687500000e-01
3.292965888977050781e-01
4.316134452819824219e-01
6.696959733963012695e-01
4.390857219696044922e-01
5.086219906806945801e-01
6.253964304924011230e-01
5.293632745742797852e-01
1.447868794202804565e-01
5.530358552932739258e-01
3.640696108341217041e-01
3.983203470706939697e-01
7.934097051620483398e-01
3.880543708801269531e-01
4.110780060291290283e-01
5.345612168312072754e-01
4.111295044422149658e-01
4.435730278491973877e-01
4.667541384696960449e-01
5.164548754692077637e-01
3.756646513938903809e-01
3.751416504383087158e-01
6.993654370307922363e-01
5.792280435562133789e-01
6.865801811218261719e-01
6.174865961074829102e-01
4.487199485301971436e-01
6.290722489356994629e-01
4.275258183479309082e-01
4.266351163387298584e-01
5.182423591613769531e-01
4.555318653583526611e-01
4.187686741352081299e-01
4.619031548500061035e-01
4.839611351490020752e-01
5.459868907928466797e-01
3.343864083290100098e-01
4.858846962451934814e-01
3.967781066894531250e-01
1.742757111787796021e-01
5.168886184692382812e-01
5.158724188804626465e-01
4.996897578239440918e-01
3.086436986923217773e-01
5.248041749000549316e-01
2.711603343486785889e-01
4.408109486103057861e-01
3.605004847049713135e-01
5.912365913391113281e-01
5.094357132911682129e-01
1.396803557872772217e-01
5.550465583801269531e-01
4.374150931835174561e-01
4.608275890350341797e-01
4.196808934211730957e-01
5.892638564109802246e-01
4.228442311286926270e-01
4.739947319030761719e-01
5.478049516677856445e-01
5.986958146095275879e-01
3.863681852817535400e-01
3.908314108848571777e-01
5.896152257919311523e-01
4.164216518402099609e-01
4.005696475505828857e-01
4.966530203819274902e-01
4.530985057353973389e-01
4.774341583251953125e-01
4.213880896568298340e-01
5.866545438766479492e-01
5.268733501434326172e-01
4.653681218624114990e-01
7.433326840400695801e-01
4.739722907543182373e-01
3.347145915031433105e-01
5.005956292152404785e-01
5.290449261665344238e-01
5.396873950958251953e-01
5.108406543731689453e-01
3.642509579658508301e-01
3.713891208171844482e-01
4.887106120586395264e-01
5.082993507385253906e-01
4.060204029083251953e-01
4.356643259525299072e-01
3.733799159526824951e-01
5.243651270866394043e-01
4.165009558200836182e-01
5.278604626655578613e-01
5.472950935363769531e-01
4.327626526355743408e-01
5.369452238082885742e-01
5.899538993835449219e-01
4.199782013893127441e-01
4.142096638679504395e-01
3.604657948017120361e-01
4.958888590335845947e-01
6.297152638435363770e-01
4.165722727775573730e-01
3.359455168247222900e-01
5.564861297607421875e-01
8.335511088371276855e-01
4.728163182735443115e-01
3.851849734783172607e-01
2.011026442050933838e-01
3.971956968307495117e-01
3.903730809688568115e-01
6.119457483291625977e-01
5.444530844688415527e-01
5.664787888526916504e-01
4.584811925888061523e-01
7.158643007278442383e-01
5.202779173851013184e-01
4.286505579948425293e-01
6.446399688720703125e-01
3.967138826847076416e-01
4.136739969253540039e-01
5.067056417465209961e-01
3.927723765373229980e-01
4.522097110748291016e-01
5.715727210044860840e-01
5.417912006378173828e-01
4.629651606082916260e-01
9.187082648277282715e-01
4.500112831592559814e-01
5.329086780548095703e-01
4.311752617359161377e-01
5.555934309959411621e-01
3.086518347263336182e-01
3.241030573844909668e-01
5.437415242195129395e-01
5.960497856140136719e-01
4.823033213615417480e-01
6.014016866683959961e-01
5.908269882202148438e-01
4.600681662559509277e-01
4.985673427581787109e-01
4.610970616340637207e-01
5.654376149177551270e-01
5.361757874488830566e-01
3.879285156726837158e-01
6.479718089103698730e-01
5.224947333335876465e-01
4.956595897674560547e-01
5.041936635971069336e-01
4.108009338378906250e-01
7.633377313613891602e-01
4.865999817848205566e-01
4.826600849628448486e-01
3.564890921115875244e-01
4.403057992458343506e-01
5.596123337745666504e-01
4.113999605178833008e-01
3.585052788257598877e-01
4.271613657474517822e-01
5.816993117332458496e-01
4.896150827407836914e-01
5.932972431182861328e-01
3.984307348728179932e-01
4.410633146762847900e-01
6.361141204833984375e-01
4.437750279903411865e-01
5.322757959365844727e-01
5.531861186027526855e-01
6.897546648979187012e-01
3.797652721405029297e-01
4.457678794860839844e-01
5.305114984512329102e-01
4.314461648464202881e-01
4.841423332691192627e-01
4.144757688045501709e-01
4.486872255802154541e-01
6.939554810523986816e-01
4.892529547214508057e-01
5.015359520912170410e-01
4.390490055084228516e-01
3.173244297504425049e-01
3.848282992839813232e-01
4.624183177947998047e-01
3.613930642604827881e-01
6.448730826377868652e-01
4.455936253070831299e-01
5.418414473533630371e-01
5.037249326705932617e-01
5.363794565200805664e-01
5.452594161033630371e-01
6.173023581504821777e-01
4.077610373497009277e-01
5.062661767005920410e-01
4.831994473934173584e-01
5.204148292541503906e-01
4.672288298606872559e-01
3.682088255882263184e-01
4.605391621589660645e-01
4.854096770286560059e-01
4.896163046360015869e-01
5.060964226722717285e-01
4.253170490264892578e-01
2.712694406509399414e-01
4.890460968017578125e-01
4.375454187393188477e-01
4.326872825622558594e-01
4.002075195312500000e-01
4.717350900173187256e-01
4.496230185031890869e-01
5.780525207519531250e-01
6.003645062446594238e-01
5.590690970420837402e-01
4.687823057174682617e-01
6.119738817214965820e-01
4.834998846054077148e-01
4.848538637161254883e-01
5.298092365264892578e-01
3.359965085983276367e-01
5.247589945793151855e-01
5.883983969688415527e-01
5.391873717308044434e-01
4.084267020225524902e-01
4.761894643306732178e-01
3.676030337810516357e-01
3.377146124839782715e-01
6.299914717674255371e-01
6.335035562515258789e-01
3.947631716728210449e-01
4.852589666843414307e-01
4.509920775890350342e-01
3.795365989208221436e-01
2.935905158519744873e-01
5.104942321777343750e-01
7.502667903900146484e-01
4.073693752288818359e-01
5.854557156562805176e-01
5.943646430969238281e-01
4.486564993858337402e-01
5.152764916419982910e-01
5.935636758804321289e-01
5.202350020408630371e-01
5.319031476974487305e-01
8.649424314498901367e-01
4.402079284191131592e-01
4.869198799133300781e-01
4.221560359001159668e-01
2.447679638862609863e-01
4.373630583286285400e-01
5.612516403198242188e-01
5.932907462120056152e-01
5.149165987968444824e-01
5.801494717597961426e-01
5.272295475006103516e-01
4.352902472019195557e-01
4.212060272693634033e-01
4.589047729969024658e-01
3.850182592868804932e-01
4.699616730213165283e-01
3.584712147712707520e-01
4.164503812789916992e-01
4.478395283222198486e-01
4.388661384582519531e-01
3.817061483860015869e-01
4.313311278820037842e-01
8.538330197334289551e-01
4.753852486610412598e-01
5.120666027069091797e-01
4.098739922046661377e-01
6.063769459724426270e-01
4.740205407142639160e-01
4.996622800827026367e-01
4.308520257472991943e-01
2.966399788856506348e-01
6.434960365295410156e-01
4.212950766086578369e-01
4.493859410285949707e-01
4.480615854263305664e-01
5.023118257522583008e-01
6.077279448509216309e-01
5.822207927703857422e-01
5.187100172042846680e-01
4.870500862598419189e-01
5.810325145721435547e-01
5.064204335212707520e-01
4.523951113224029541e-01
3.988333642482757568e-01
6.798248887062072754e-01
4.996181130409240723e-01
3.967634737491607666e-01
2.388893663883209229e-01
5.615554451942443848e-01
6.498832106590270996e-01
5.263841748237609863e-01
4.430778622627258301e-01
4.622077643871307373e-01
4.434142708778381348e-01
5.746240615844726562e-01
7.391664385795593262e-01
4.081963002681732178e-01
3.523899316787719727e-01
3.622558116912841797e-01
1.753001660108566284e-01
5.115204453468322754e-01
6.505542397499084473e-01
5.010389685630798340e-01
5.638958811759948730e-01
6.376453638076782227e-01
4.429599642753601074e-01
4.771869778633117676e-01
4.671294689178466797e-01
4.553694725036621094e-01
4.825360178947448730e-01
6.065913438796997070e-01
4.029644429683685303e-01
5.607886910438537598e-01
4.571608603000640869e-01
5.776004195213317871e-01
5.660021901130676270e-01
6.042630672454833984e-01
6.265351176261901855e-01
4.967793524265289307e-01
4.990721642971038818e-01
5.467588901519775391e-01
4.736202061176300049e-01
5.464974045753479004e-01
4.631612002849578857e-01
4.868733882904052734e-01
3.695020079612731934e-01
