5.681564211845397949e-01
3.884639441967010498e-01
8.238907456398010254e-01
3.320863246917724609e-01
4.013321101665496826e-01
5.440919995307922363e-01
4.467709064483642578e-01
4.476045966148376465e-01
7.902641892433166504e-01
2.848191261291503906e-01
4.010995328426361084e-01
4.402255713939666748e-01
3.185405433177947998e-01
5.763817429542541504e-01
4.970067441463470459e-01
5.122754573822021484e-01
5.310443043708801270e-01
4.356354176998138428e-01
4.479977786540985107e-01
5.376657247543334961e-01
4.952615201473236084e-01
4.298005700111389160e-01
5.016450881958007812e-01
5.101221203804016113e-01
4.725058674812316895e-01
5.245165824890136719e-01
6.042019724845886230e-01
4.419624805450439453e-01
5.412528514862060547e-01
4.655231833457946777e-01
5.691834092140197754e-01
5.164198279380798340e-01
3.176741003990173340e-01
4.652116596698760986e-01
4.586101174354553223e-01
5.634056925773620605e-01
3.566130697727203369e-01
5.054802298545837402e-01
3.747038245201110840e-01
5.034449696540832520e-01
4.928749203681945801e-01
4.383594989776611328e-01
3.770335018634796143e-01
4.045277535915374756e-01
6.300941705703735352e-01
4.194881319999694824e-01
5.825492143630981445e-01
6.188372969627380371e-01
7.152773141860961914e-01
5.314970016479492188e-01
4.654417335987091064e-01
4.479938447475433350e-01
3.676369190216064453e-01
4.473421275615692139e-01
5.171709060668945312e-01
3.411049842834472656e-01
3.463794887065887451e-01
2.354157716035842896e-01
4.884383082389831543e-01
3.871993720531463623e-01
5.631456375122070312e-01
2.760498821735382080e-01
4.255670011043548584e-01
4.264304637908935547e-01
4.492574930191040039e-01
5.210726261138916016e-01
3.715009093284606934e-01
4.904136657714843750e-01
5.373803973197937012e-01
4.887042641639709473e-01
3.871570527553558350e-01
4.560554325580596924e-01
4.096393287181854248e-01
4.113318324089050293e-01
1.776699125766754150e-01
4.872234463691711426e-01
3.454824090003967285e-01
5.180795788764953613e-01
3.805663883686065674e-01
4.622450470924377441e-01
3.951844274997711182e-01
2.731064856052398682e-01
4.885973334312438965e-01
4.776433408260345459e-01
3.845593631267547607e-01
4.002870023250579834e-01
4.367069303989410400e-01
6.065163016319274902e-01
4.600359201431274414e-01
3.894668519496917725e-01
4.970142245292663574e-01
4.187614321708679199e-01
4.810530245304107666e-01
3.747971057891845703e-01
3.933989405632019043e-01
3.128603994846343994e-01
4.256742000579833984e-01
5.075330734252929688e-01
3.865194916725158691e-01
5.720393657684326172e-01
4.954012632369995117e-01
4.760121405124664307e-01
4.175379574298858643e-01
4.469158649444580078e-01
5.081612467765808105e-01
4.577274024486541748e-01
3.950991332530975342e-01
4.521020650863647461e-01
5.614476799964904785e-01
5.092889666557312012e-01
4.177310764789581299e-01
5.838934183120727539e-01
6.061921715736389160e-01
5.909708738327026367e-01
2.634338140487670898e-01
4.752991199493408203e-01
2.997660636901855469e-01
3.681589365005493164e-01
3.396177589893341064e-01
6.397629380226135254e-01
4.952206909656524658e-01
3.748260438442230225e-01
4.069629609584808350e-01
5.184675455093383789e-01
5.125316977500915527e-01
3.162164986133575439e-01
4.902254641056060791e-01
4.072320461273193359e-01
4.369271993637084961e-01
5.148601531982421875e-01
5.749505162239074707e-01
5.804532766342163086e-01
5.618101358413696289e-01
4.686169624328613281e-01
3.490473330020904541e-01
5.189464092254638672e-01
4.420604705810546875e-01
4.733049869537353516e-01
4.313418865203857422e-01
4.700767099857330322e-01
4.484319388866424561e-01
4.389516413211822510e-01
4.174826741218566895e-01
5.337712764739990234e-01
3.607100546360015869e-01
4.589840173721313477e-01
4.281210601329803467e-01
5.326498150825500488e-01
4.779192209243774414e-01
5.036195516586303711e-01
6.279995441436767578e-01
4.329276680946350098e-01
5.245664119720458984e-01
5.590630173683166504e-01
4.899691045284271240e-01
4.770056009292602539e-01
4.281934201717376709e-01
4.380332529544830322e-01
3.565527796745300293e-01
5.666568279266357422e-01
5.149530768394470215e-01
4.525808691978454590e-01
5.018277764320373535e-01
4.717102050781250000e-01
5.278216600418090820e-01
4.092860221862792969e-01
3.649681210517883301e-01
6.439410448074340820e-01
3.663938343524932861e-01
3.650063574314117432e-01
4.208075404167175293e-01
3.338443934917449951e-01
6.419861316680908203e-01
4.831152260303497314e-01
4.262863099575042725e-01
4.179603457450866699e-01
4.605944752693176270e-01
5.177151560783386230e-01
4.847053885459899902e-01
4.239020049571990967e-01
4.921975135803222656e-01
5.161639451980590820e-01
5.331786274909973145e-01
5.207071900367736816e-01
4.755499958992004395e-01
5.218343138694763184e-01
4.860911369323730469e-01
3.710840940475463867e-01
4.991460442543029785e-01
5.242098569869995117e-01
4.503953754901885986e-01
4.364143311977386475e-01
3.912870883941650391e-01
4.481070637702941895e-01
3.609951138496398926e-01
6.071845293045043945e-01
3.082768023014068604e-01
4.250751733779907227e-01
3.095314502716064453e-01
5.182833671569824219e-01
7.607841491699218750e-01
3.291693031787872314e-01
4.573825895786285400e-01
4.872519373893737793e-01
5.050861835479736328e-01
4.148562550544738770e-01
4.186050593852996826e-01
5.710179209709167480e-01
2.308035641908645630e-01
2.326281815767288208e-01
4.416530430316925049e-01
5.986379384994506836e-01
5.350473523139953613e-01
5.976456403732299805e-01
4.322129487991333008e-01
5.698243975639343262e-01
5.928300619125366211e-01
4.252313375473022461e-01
6.492823958396911621e-01
6.620547771453857422e-01
3.841718137264251709e-01
4.334187805652618408e-01
5.028553605079650879e-01
3.723517954349517822e-01
5.152134299278259277e-01
5.145172476768493652e-01
3.776784539222717285e-01
3.958969414234161377e-01
1.669041812419891357e-01
2.952706813812255859e-01
3.979008197784423828e-01
3.710139393806457520e-01
4.145164191722869873e-01
5.571448206901550293e-01
4.334518909454345703e-01
4.476773142814636230e-01
4.926819801330566406e-01
6.968114376068115234e-01
4.548145532608032227e-01
4.400621652603149414e-01
5.604337453842163086e-01
7.330082654953002930e-01
3.650980889797210693e-01
7.096153497695922852e-01
3.224907815456390381e-01
6.078774333000183105e-01
6.365172863006591797e-01
6.888634562492370605e-01
4.917771220207214355e-01
5.021584033966064453e-01
4.182066321372985840e-01
4.209187626838684082e-01
2.628780305385589600e-01
4.133629798889160156e-01
4.605111479759216309e-01
4.620797336101531982e-01
4.667193293571472168e-01
3.838519155979156494e-01
4.599611461162567139e-01
3.417537510395050049e-01
4.197809994220733643e-01
5.498226881027221680e-01
3.650401234626770020e-01
5.496375560760498047e-01
4.738628566265106201e-01
5.127400159835815430e-01
4.838790595531463623e-01
4.165409207344055176e-01
5.556648373603820801e-01
1.665281206369400024e-01
3.823037445545196533e-01
3.902911841869354248e-01
4.686698019504547119e-01
1.858438700437545776e-01
4.206489324569702148e-01
3.418244421482086182e-01
5.084447264671325684e-01
4.644326567649841309e-01
6.657890081405639648e-01
6.027215719223022461e-01
4.500381946563720703e-01
6.047568917274475098e-01
4.577714204788208008e-01
5.218627452850341797e-01
4.500542581081390381e-01
4.163139164447784424e-01
5.207294821739196777e-01
4.529423713684082031e-01
5.488803982734680176e-01
5.399605035781860352e-01
4.245829582214355469e-01
4.961920678615570068e-01
4.163706004619598389e-01
4.577528238296508789e-01
4.958830773830413818e-01
5.677782893180847168e-01
4.935694336891174316e-01
6.123814582824707031e-01
5.264284610748291016e-01
4.711229503154754639e-01
4.309744834899902344e-01
4.966584444046020508e-01
5.579069852828979492e-01
4.762243032455444336e-01
5.328242778778076172e-01
7.249832153320312500e-01
2.421303987503051758e-01
6.324499249458312988e-01
3.591972589492797852e-01
3.765360713005065918e-01
4.971438050270080566e-01
5.276199579238891602e-01
5.162275433540344238e-01
4.475976228713989258e-01
4.075046777725219727e-01
3.728187978267669678e-01
5.249142646789550781e-01
5.609486103057861328e-01
5.941683650016784668e-01
5.345889329910278320e-01
5.638052821159362793e-01
6.048378348350524902e-01
5.855966806411743164e-01
4.324415624141693115e-01
4.825463294982910156e-01
1.945311129093170166e-01
5.055919885635375977e-01
7.661278247833251953e-01
4.260431528091430664e-01
6.642050743103027344e-01
4.980953633785247803e-01
6.331629753112792969e-01
4.298413395881652832e-01
3.939663767814636230e-01
5.475344657897949219e-01
3.771493732929229736e-01
4.511992335319519043e-01
4.884685575962066650e-01
3.751149177551269531e-01
3.976838588714599609e-01
3.877724707126617432e-01
4.076444208621978760e-01
4.904377460479736328e-01
4.560889005661010742e-01
5.389875173568725586e-01
4.192352592945098877e-01
4.835984706878662109e-01
4.734306633472442627e-01
3.219692707061767578e-01
1.372647732496261597e-01
1.759647876024246216e-01
3.746948540210723877e-01
3.586138486862182617e-01
4.914300143718719482e-01
5.341780781745910645e-01
5.075988173484802246e-01
5.499380230903625488e-01
5.085946917533874512e-01
5.199159979820251465e-01
6.319823265075683594e-01
3.933194875717163086e-01
5.239148139953613281e-01
6.401114463806152344e-01
4.546078145503997803e-01
4.596600830554962158e-01
4.915565550327301025e-01
4.936051666736602783e-01
4.553010463714599609e-01
4.195055961608886719e-01
4.038641154766082764e-01
4.883058071136474609e-01
5.526396632194519043e-01
3.553561270236968994e-01
4.905658662319183350e-01
4.741885960102081299e-01
4.656140506267547607e-01
4.867241382598876953e-01
6.252853870391845703e-01
4.490877687931060791e-01
4.431340098381042480e-01
4.134810566902160645e-01
4.992449879646301270e-01
5.183005332946777344e-01
6.114854812622070312e-01
4.107966125011444092e-01
4.730179011821746826e-01
6.928866505622863770e-01
7.264098525047302246e-01
4.737066030502319336e-01
3.695879578590393066e-01
7.057264447212219238e-01
3.591030240058898926e-01
4.767372310161590576e-01
4.999521970748901367e-01
3.939532935619354248e-01
4.068160057067871094e-01
4.622245430946350098e-01
5.050247907638549805e-01
3.741238117218017578e-01
6.493005156517028809e-01
5.290422439575195312e-01
3.947555422782897949e-01
5.125094652175903320e-01
4.699469208717346191e-01
4.053804576396942139e-01
4.407719671726226807e-01
4.997148811817169189e-01
4.874480366706848145e-01
5.822132825851440430e-01
7.078881263732910156e-01
3.964492976665496826e-01
5.011022090911865234e-01
5.488637089729309082e-01
4.780021607875823975e-01
4.973837733268737793e-01
4.209682345390319824e-01
2.987743020057678223e-01
5.084660649299621582e-01
5.237308740615844727e-01
4.841055870056152344e-01
3.739646673202514648e-01
4.253834187984466553e-01
4.893126189708709717e-01
3.851682245731353760e-01
6.732850074768066406e-01
4.717516601085662842e-01
4.587903618812561035e-01
4.402394890785217285e-01
4.340218901634216309e-01
5.813197493553161621e-01
4.736645221710205078e-01
4.021744728088378906e-01
5.564900636672973633e-01
7.073069810867309570e-01
4.112805724143981934e-01
5.542359352111816406e-01
4.018993675708770752e-01
5.113288760185241699e-01
5.585284233093261719e-01
4.371955990791320801e-01
6.692602038383483887e-01
4.107383787631988525e-01
3.632209897041320801e-01
3.347594738006591797e-01
3.000440299510955811e-01
5.854268670082092285e-01
6.107192039489746094e-01
4.523514807224273682e-01
5.581926703453063965e-01
4.574640095233917236e-01
4.376058876514434814e-01
4.883878529071807861e-01
3.948390781879425049e-01
5.054877996444702148e-01
3.141686916351318359e-01
4.366139769554138184e-01
5.111923813819885254e-01
4.110669791698455811e-01
6.285017132759094238e-01
8.082779049873352051e-01
5.031135678291320801e-01
5.128467679023742676e-01
4.540423154830932617e-01
5.024244189262390137e-01
4.005310535430908203e-01
4.439132511615753174e-01
4.274967014789581299e-01
3.522083461284637451e-01
3.360985815525054932e-01
4.262286722660064697e-01
4.150204658508300781e-01
4.240423440933227539e-01
5.647987723350524902e-01
4.126804172992706299e-01
5.871718525886535645e-01
4.107367098331451416e-01
4.727937877178192139e-01
5.049930214881896973e-01
3.927936255931854248e-01
6.743848919868469238e-01
5.847576260566711426e-01
5.229614973068237305e-01
5.752891302108764648e-01
4.736268818378448486e-01
4.914159476757049561e-01
4.720064699649810791e-01
4.502296745777130127e-01
6.795557141304016113e-01
4.061559438705444336e-01
4.048084616661071777e-01
3.909979462623596191e-01
4.003772437572479248e-01
5.392333269119262695e-01
3.551542460918426514e-01
5.595897436141967773e-01
4.461346864700317383e-01
5.795858502388000488e-01
4.644807577133178711e-01
4.293785095214843750e-01
5.277315378189086914e-01
4.073894023895263672e-01
3.921445608139038086e-01
3.059507012367248535e-01
4.679322242736816406e-01
4.484649896621704102e-01
6.534737348556518555e-01
3.398358523845672607e-01
4.539156556129455566e-01
4.563210904598236084e-01
6.058183908462524414e-01
4.338167905807495117e-01
4.672458171844482422e-01
3.332035243511199951e-01
4.157838523387908936e-01
4.695816040039062500e-01
3.965883851051330566e-01
5.050437450408935547e-01
4.855025410652160645e-01
4.656166434288024902e-01
6.142941713333129883e-01
6.707694530487060547e-01
4.339737296104431152e-01
6.770588755607604980e-01
4.053859710693359375e-01
6.254367232322692871e-01
3.461850285530090332e-01
5.300763845443725586e-01
4.626439511775970459e-01
4.764234721660614014e-01
3.720743656158447266e-01
5.344259142875671387e-01
4.939668178558349609e-01
5.746620297431945801e-01
6.321203112602233887e-01
4.656283855438232422e-01
4.467423558235168457e-01
4.289548397064208984e-01
5.240706801414489746e-01
5.351165533065795898e-01
5.067657828330993652e-01
4.580369591712951660e-01
5.502780079841613770e-01
4.888873100280761719e-01
5.249703526496887207e-01
4.404304921627044678e-01
2.261000722646713257e-01
4.411333799362182617e-01
6.698565483093261719e-01
4.940958917140960693e-01
3.432753384113311768e-01
5.452005863189697266e-01
5.377848744392395020e-01
5.023950338363647461e-01
4.514999687671661377e-01
4.853969812393188477e-01
4.402637183666229248e-01
5.397503376007080078e-01
5.006811618804931641e-01
4.260100424289703369e-01
4.767917394638061523e-01
6.539744734764099121e-01
4.790118038654327393e-01
2.687232494354248047e-01
5.817011594772338867e-01
5.801519751548767090e-01
6.007791757583618164e-01
4.141767919063568115e-01
4.636230766773223877e-01
4.450444877147674561e-01
5.267769098281860352e-01
4.356228709220886230e-01
4.595480263233184814e-01
7.847890257835388184e-01
4.237050116062164307e-01
4.574456214904785156e-01
4.455510079860687256e-01
4.909869730472564697e-01
3.647135496139526367e-01
3.594683110713958740e-01
5.044822096824645996e-01
3.869017660617828369e-01
1.858484894037246704e-01
4.578424990177154541e-01
3.795040547847747803e-01
4.527076780796051025e-01
4.733688533306121826e-01
5.374625325202941895e-01
5.280374288558959961e-01
5.705068707466125488e-01
4.027954339981079102e-01
9.266416728496551514e-02
5.517544746398925781e-01
5.411375761032104492e-01
4.417833685874938965e-01
5.606579780578613281e-01
6.256070137023925781e-01
4.225791096687316895e-01
4.647084474563598633e-01
4.428021311759948730e-01
3.985867500305175781e-01
5.075116157531738281e-01
4.878074228763580322e-01
7.433706521987915039e-01
4.863439798355102539e-01
4.727883636951446533e-01
4.666337072849273682e-01
4.840987920761108398e-01
3.717881739139556885e-01
4.268567562103271484e-01
5.934286117553710938e-01
5.762224197387695312e-01
4.462260305881500244e-01
5.396298170089721680e-01
4.531248807907104492e-01
4.716035127639770508e-01
3.600278496742248535e-01
3.340418934822082520e-01
3.946467936038970947e-01
6.121823787689208984e-01
3.756809234619140625e-01
2.971491515636444092e-01
3.859071433544158936e-01
5.009198784828186035e-01
6.243399977684020996e-01
3.942822515964508057e-01
3.525182008743286133e-01
4.645389318466186523e-01
4.030927121639251709e-01
5.874050855636596680e-01
3.437424600124359131e-01
4.761656522750854492e-01
5.494990944862365723e-01
4.608884155750274658e-01
4.463186562061309814e-01
4.035297334194183350e-01
3.300197422504425049e-01
5.370244383811950684e-01
4.670748710632324219e-01
4.643034636974334717e-01
4.397025704383850098e-01
5.472003817558288574e-01
3.470218181610107422e-01
5.519698262214660645e-01
5.477095246315002441e-01
4.212909936904907227e-01
4.538845419883728027e-01
4.908326268196105957e-01
3.881661593914031982e-01
2.993173599243164062e-01
4.930391013622283936e-01
5.162668228149414062e-01
3.659636080265045166e-01
5.782381892204284668e-01
4.473350048065185547e-01
4.011962711811065674e-01
4.720278680324554443e-01
4.648788571357727051e-01
3.822735249996185303e-01
4.376923739910125732e-01
4.637828767299652100e-01
5.871559381484985352e-01
4.607005119323730469e-01
6.951508522033691406e-01
4.742635488510131836e-01
4.869912266731262207e-01
4.811834990978240967e-01
5.171297788619995117e-01
4.694896638393402100e-01
3.829896152019500732e-01
4.337233603000640869e-01
5.242133736610412598e-01
4.841430783271789551e-01
4.349974393844604492e-01
4.749761819839477539e-01
6.210644245147705078e-01
4.563650488853454590e-01
4.586006999015808105e-01
5.057377815246582031e-01
4.728484749794006348e-01
4.555163085460662842e-01
4.475408196449279785e-01
4.240448176860809326e-01
3.093858063220977783e-01
3.692400455474853516e-01
4.501947164535522461e-01
5.682887434959411621e-01
5.741941332817077637e-01
3.678854405879974365e-01
4.135027825832366943e-01
5.395912528038024902e-01
4.587440490722656250e-01
3.989467322826385498e-01
5.141207575798034668e-01
5.048217773437500000e-01
5.149111747741699219e-01
3.720181584358215332e-01
3.873236179351806641e-01
4.014510214328765869e-01
4.059672057628631592e-01
3.185823857784271240e-01
4.908447563648223877e-01
5.259075760841369629e-01
4.255729317665100098e-01
4.459561705589294434e-01
5.247821807861328125e-01
6.173866987228393555e-01
5.281125903129577637e-01
5.269464254379272461e-01
5.428383946418762207e-01
3.895867466926574707e-01
4.630407094955444336e-01
7.460477352142333984e-01
5.361662507057189941e-01
5.189072489738464355e-01
6.451833844184875488e-01
4.688950479030609131e-01
6.062905788421630859e-01
4.273283183574676514e-01
5.566076040267944336e-01
5.494229197502136230e-01
5.024900436401367188e-01
4.712568521499633789e-01
4.505463540554046631e-01
4.596831202507019043e-01
5.123630762100219727e-01
3.753489553928375244e-01
4.790739417076110840e-01
4.640865325927734375e-01
4.738287627696990967e-01
4.846989810466766357e-01
6.409746408462524414e-01
3.993319272994995117e-01
6.022393107414245605e-01
4.612077474594116211e-01
4.653238952159881592e-01
2.780368328094482422e-01
3.952546715736389160e-01
5.146949291229248047e-01
3.310859501361846924e-01
5.100814700126647949e-01
3.820855021476745605e-01
4.630619883537292480e-01
5.994598269462585449e-01
6.589792966842651367e-01
3.411781787872314453e-01
5.295502543449401855e-01
1.841595172882080078e-01
4.367309808731079102e-01
3.975439667701721191e-01
4.067525565624237061e-01
4.540145993232727051e-01
4.198974668979644775e-01
5.146203637123107910e-01
4.527585506439208984e-01
4.252879619598388672e-01
6.236907243728637695e-01
3.308094441890716553e-01
2.855535745620727539e-01
3.378292024135589600e-01
4.924768209457397461e-01
2.700074315071105957e-01
6.569856405258178711e-01
6.538332104682922363e-01
4.664512276649475098e-01
3.351903259754180908e-01
4.159797430038452148e-01
5.750102400779724121e-01
3.857771456241607666e-01
4.594661295413970947e-01
3.998650610446929932e-01
5.693327188491821289e-01
4.959301948547363281e-01
3.618799448013305664e-01
6.400601267814636230e-01
5.847892165184020996e-01
4.832697808742523193e-01
5.083497166633605957e-01
4.438250064849853516e-01
6.382129192352294922e-01
6.560080647468566895e-01
4.607986211776733398e-01
3.531527519226074219e-01
4.845633506774902344e-01
3.314191102981567383e-01
9.931306838989257812e-01
3.302975594997406006e-01
6.096195578575134277e-01
4.284349679946899414e-01
3.633446991443634033e-01
4.731914401054382324e-01
7.778421640396118164e-01
1.790859848260879517e-01
4.883528649806976318e-01
5.013014078140258789e-01
4.958989918231964111e-01
2.110800296068191528e-01
4.408086240291595459e-01
4.381625652313232422e-01
4.848206937313079834e-01
4.670819938182830811e-01
4.273831546306610107e-01
3.937070667743682861e-01
4.574671685695648193e-01
3.783372342586517334e-01
4.658141732215881348e-01
5.421633124351501465e-01
6.025545001029968262e-01
4.440663456916809082e-01
6.499286293983459473e-01
6.354355812072753906e-01
3.853848874568939209e-01
4.806534647941589355e-01
5.587173104286193848e-01
2.371950894594192505e-01
5.776992440223693848e-01
4.805429279804229736e-01
5.818479061126708984e-01
3.458083271980285645e-01
4.919351041316986084e-01
2.428314387798309326e-01
4.055793583393096924e-01
4.239560663700103760e-01
5.135414004325866699e-01
4.247223734855651855e-01
4.917795956134796143e-01
5.880689024925231934e-01
4.091826081275939941e-01
2.895247936248779297e-01
3.275596797466278076e-01
4.815581440925598145e-01
4.913059473037719727e-01
5.651786923408508301e-01
5.529690384864807129e-01
4.830523133277893066e-01
3.641288280487060547e-01
4.710086882114410400e-01
3.762353658676147461e-01
5.473256111145019531e-01
5.438439846038818359e-01
5.059297084808349609e-01
4.316669404506683350e-01
7.446036934852600098e-01
6.804557442665100098e-01
2.724372744560241699e-01
4.442918300628662109e-01
4.299839138984680176e-01
5.070689320564270020e-01
4.352307915687561035e-01
4.934687018394470215e-01
4.893767237663269043e-01
5.003441572189331055e-01
3.236131668090820312e-01
5.225642323493957520e-01
5.273656845092773438e-01
3.777421116828918457e-01
5.294091701507568359e-01
4.731858968734741211e-01
4.615061581134796143e-01
4.111518859863281250e-01
6.194024085998535156e-01
5.058239102363586426e-01
4.614474177360534668e-01
3.077352344989776611e-01
5.245167613029479980e-01
7.014051675796508789e-01
6.508530974388122559e-01
5.755918622016906738e-01
4.477322995662689209e-01
4.617703855037689209e-01
2.631900310516357422e-01
2.382660657167434692e-01
4.997488558292388916e-01
5.557351112365722656e-01
5.221184492111206055e-01
6.450033187866210938e-01
5.364193320274353027e-01
5.050287842750549316e-01
4.696187376976013184e-01
5.238996744155883789e-01
6.079050302505493164e-01
5.693281292915344238e-01
4.296658933162689209e-01
4.445528686046600342e-01
4.744419455528259277e-01
3.912958502769470215e-01
4.563066065311431885e-01
5.251569747924804688e-01
3.935123682022094727e-01
4.615933895111083984e-01
3.859099149703979492e-01
5.796364545822143555e-01
3.076387643814086914e-01
5.572683215141296387e-01
6.375632882118225098e-01
4.294007420539855957e-01
3.590799868106842041e-01
4.617118835449218750e-01
4.411809742450714111e-01
5.011622905731201172e-01
3.579322397708892822e-01
4.478975534439086914e-01
4.226970374584197998e-01
4.964863955974578857e-01
4.683200418949127197e-01
4.678697884082794189e-01
2.853445410728454590e-01
4.633004367351531982e-01
6.485733985900878906e-01
3.276705443859100342e-01
6.382668018341064453e-01
3.927076160907745361e-01
2.703568935394287109e-01
4.873315095901489258e-01
4.335443973541259766e-01
4.683325886726379395e-01
4.544061124324798584e-01
4.459737539291381836e-01
3.935388028621673584e-01
3.926719427108764648e-01
4.012500941753387451e-01
3.813675343990325928e-01
5.893472433090209961e-01
4.138096272945404053e-01
4.001703858375549316e-01
5.160946249961853027e-01
6.755691766738891602e-01
4.643273353576660156e-01
4.846207797527313232e-01
5.607134103775024414e-01
4.401129782199859619e-01
5.335572957992553711e-01
5.088948011398315430e-01
5.195388197898864746e-01
4.882014989852905273e-01
6.342665553092956543e-01
5.579459071159362793e-01
3.011312484741210938e-01
4.975889027118682861e-01
4.813653528690338135e-01
5.066220164299011230e-01
3.605909049510955811e-01
4.647079110145568848e-01
3.823487460613250732e-01
3.158462941646575928e-01
3.640828728675842285e-01
5.065455436706542969e-01
7.000889778137207031e-01
4.118613004684448242e-01
4.292028844356536865e-01
5.301756858825683594e-01
4.785972237586975098e-01
4.477617442607879639e-01
4.556742012500762939e-01
4.345443546772003174e-01
8.140872120857238770e-01
4.107275605201721191e-01
4.345646798610687256e-01
3.674953877925872803e-01
4.624394476413726807e-01
5.023220777511596680e-01
4.554080963134765625e-01
5.792603492736816406e-01
3.611769080162048340e-01
5.428258776664733887e-01
5.240205526351928711e-01
4.025622308254241943e-01
2.789770960807800293e-01
5.941783785820007324e-01
3.313930034637451172e-01
4.953594207763671875e-01
4.616962373256683350e-01
4.379901885986328125e-01
3.975176811218261719e-01
4.081490933895111084e-01
5.284680724143981934e-01
5.469968318939208984e-01
4.202179908752441406e-01
4.490101337432861328e-01
4.336260855197906494e-01
3.828743398189544678e-01
4.513113796710968018e-01
5.552026629447937012e-01
6.259331107139587402e-01
3.983732759952545166e-01
5.620771646499633789e-01
4.679008722305297852e-01
4.763821959495544434e-01
3.903352916240692139e-01
3.243860602378845215e-01
5.134897828102111816e-01
1.144318103790283203e+00
6.374639272689819336e-01
7.252903580665588379e-01
3.378576040267944336e-01
3.096307516098022461e-01
4.520705342292785645e-01
5.058712959289550781e-01
3.820793330669403076e-01
5.240582823753356934e-01
2.498808950185775757e-01
5.211387276649475098e-01
4.510160684585571289e-01
5.234068036079406738e-01
4.097409546375274658e-01
5.136142373085021973e-01
5.343180894851684570e-01
4.743928015232086182e-01
4.139581024646759033e-01
4.810741841793060303e-01
6.799677610397338867e-01
5.489782691001892090e-01
4.427298307418823242e-01
5.011304616928100586e-01
4.904376864433288574e-01
4.263936281204223633e-01
5.058962106704711914e-01
6.354412436485290527e-01
5.381992459297180176e-01
4.555737674236297607e-01
2.844197154045104980e-01
5.582744479179382324e-01
3.422014415264129639e-01
5.870862007141113281e-01
6.584553718566894531e-01
4.447394013404846191e-01
4.979479312896728516e-01
4.576296508312225342e-01
5.567713975906372070e-01
4.387646019458770752e-01
4.340765476226806641e-01
4.559217691421508789e-01
3.495848476886749268e-01
5.245552659034729004e-01
4.730035960674285889e-01
4.985855519771575928e-01
4.455713033676147461e-01
4.196543395519256592e-01
3.632682859897613525e-01
4.710637629032135010e-01
5.438377857208251953e-01
4.411888420581817627e-01
3.504648506641387939e-01
4.156890511512756348e-01
4.380415380001068115e-01
4.106861352920532227e-01
3.702951967716217041e-01
4.333482980728149414e-01
5.181081891059875488e-01
4.424152672290802002e-01
3.821113407611846924e-01
5.659739375114440918e-01
4.558773934841156006e-01
5.832764506340026855e-01
3.855031430721282959e-01
5.273416042327880859e-01
4.503077268600463867e-01
4.788524508476257324e-01
4.021031856536865234e-01
4.569154381752014160e-01
5.319746136665344238e-01
5.302494764328002930e-01
4.292189478874206543e-01
3.243766725063323975e-01
5.169684886932373047e-01
4.466651976108551025e-01
6.916339397430419922e-01
6.074455380439758301e-01
5.197495222091674805e-01
5.369548201560974121e-01
3.931499421596527100e-01
4.213899970054626465e-01
5.830315351486206055e-01
5.001324415206909180e-01
2.823430299758911133e-01
4.696550667285919189e-01
6.081066727638244629e-01
5.068389773368835449e-01
5.081836581230163574e-01
5.809894800186157227e-01
7.099928855895996094e-01
8.215616941452026367e-01
6.045184135437011719e-01
4.950706362724304199e-01
5.907122492790222168e-01
5.233849287033081055e-01
4.151004850864410400e-01
3.667137026786804199e-01
4.861252009868621826e-01
4.245384037494659424e-01
7.463629841804504395e-01
3.481678962707519531e-01
3.960552215576171875e-01
3.921857178211212158e-01
3.704020082950592041e-01
4.946961998939514160e-01
3.920463323593139648e-01
4.588333070278167725e-01
4.332282543182373047e-01
4.168788492679595947e-01
4.272058308124542236e-01
4.121006131172180176e-01
4.169643819332122803e-01
3.402064144611358643e-01
6.375894546508789062e-01
5.326412916183471680e-01
3.834437429904937744e-01
4.103317558765411377e-01
4.849157929420471191e-01
5.552826523780822754e-01
4.134105443954467773e-01
4.862698018550872803e-01
5.686428546905517578e-01
3.765372335910797119e-01
4.743300378322601318e-01
6.898673176765441895e-01
4.817287325859069824e-01
5.067871809005737305e-01
5.345847606658935547e-01
4.270249605178833008e-01
4.205376803874969482e-01
6.335566639900207520e-01
2.028979510068893433e-01
4.586312472820281982e-01
4.035054743289947510e-01
4.423650205135345459e-01
5.617141127586364746e-01
3.426357209682464600e-01
6.375984549522399902e-01
4.675642251968383789e-01
4.754977822303771973e-01
6.109576821327209473e-01
4.027774930000305176e-01
5.183443427085876465e-01
4.949603974819183350e-01
4.542134702205657959e-01
3.243356049060821533e-01
5.445955395698547363e-01
3.264024257659912109e-01
3.328644633293151855e-01
4.685387015342712402e-01
4.353578984737396240e-01
4.263184070587158203e-01
5.429978370666503906e-01
3.390145301818847656e-01
4.134816229343414307e-01
3.931876122951507568e-01
5.984680056571960449e-01
5.115514993667602539e-01
6.435475349426269531e-01
2.997379601001739502e-01
5.185406804084777832e-01
5.872620344161987305e-01
4.619130194187164307e-01
5.038097500801086426e-01
3.882363736629486084e-01
3.363204002380371094e-01
5.160471200942993164e-01
4.111763238906860352e-01
5.447176098823547363e-01
6.993926763534545898e-01
2.939297556877136230e-01
5.360081791877746582e-01
3.715087473392486572e-01
4.814019799232482910e-01
5.135011076927185059e-01
4.401593506336212158e-01
5.296621322631835938e-01
5.331893563270568848e-01
4.843748509883880615e-01
3.530568778514862061e-01
3.658027946949005127e-01
5.169954895973205566e-01
4.721578359603881836e-01
4.785315990447998047e-01
5.876975655555725098e-01
4.239724278450012207e-01
5.147340893745422363e-01
5.314542651176452637e-01
5.129029154777526855e-01
3.855219483375549316e-01
4.016951322555541992e-01
2.245859801769256592e-01
5.264853835105895996e-01
5.172284245491027832e-01
4.946258962154388428e-01
5.320827364921569824e-01
4.139035940170288086e-01
4.322136342525482178e-01
5.001142024993896484e-01
5.337347388267517090e-01
4.913733303546905518e-01
5.512201786041259766e-01
4.298909902572631836e-01
3.926308155059814453e-01
2.574233114719390869e-01
6.829605698585510254e-01
4.299458563327789307e-01
4.716036021709442139e-01
4.380559027194976807e-01
4.305280447006225586e-01
1.354050487279891968e-01
3.793702721595764160e-01
3.908101022243499756e-01
5.010280609130859375e-01
5.674574375152587891e-01
5.212794542312622070e-01
5.051842331886291504e-01
5.321215987205505371e-01
5.158424377441406250e-01
5.241203904151916504e-01
5.221382379531860352e-01
4.209927022457122803e-01
4.617122709751129150e-01
3.694296479225158691e-01
7.059895396232604980e-01
6.118409037590026855e-01
4.444658458232879639e-01
5.810239315032958984e-01
4.044751226902008057e-01
5.080448985099792480e-01
3.984154760837554932e-01
4.494631290435791016e-01
5.546168684959411621e-01
4.171124994754791260e-01
4.479044675827026367e-01
5.725905895233154297e-01
3.489550054073333740e-01
6.758612990379333496e-01
4.526821374893188477e-01
4.599812030792236328e-01
5.376423001289367676e-01
4.124833047389984131e-01
5.684832930564880371e-01
4.680052399635314941e-01
5.199145674705505371e-01
4.142631590366363525e-01
5.905734300613403320e-01
4.859288930892944336e-01
4.450056850910186768e-01
3.843176066875457764e-01
4.411897063255310059e-01
5.268983840942382812e-01
4.929241538047790527e-01
4.680031239986419678e-01
8.057113885879516602e-01
4.694522619247436523e-01
2.448944151401519775e-01
3.790504932403564453e-01
8.505780100822448730e-01
4.749468564987182617e-01
3.828643858432769775e-01
4.876410961151123047e-01
4.132986664772033691e-01
5.355546474456787109e-01
3.274360597133636475e-01
3.232413232326507568e-01
2.910051643848419189e-01
5.012851357460021973e-01
4.646126925945281982e-01
3.650203347206115723e-01
3.470865786075592041e-01
4.102242588996887207e-01
4.707894921302795410e-01
4.329502284526824951e-01
4.383779168128967285e-01
4.630088806152343750e-01
4.741088747978210449e-01
6.958756446838378906e-01
6.156299710273742676e-01
4.285214841365814209e-01
4.109064638614654541e-01
3.695835471153259277e-01
4.493367075920104980e-01
4.983719289302825928e-01
5.867183208465576172e-01
3.312532007694244385e-01
5.102019309997558594e-01
5.180858373641967773e-01
3.100169897079467773e-01
4.618101716041564941e-01
6.343690156936645508e-01
5.717802643775939941e-01
3.106504678726196289e-01
6.555991172790527344e-01
4.034104645252227783e-01
5.982386469841003418e-01
5.961464047431945801e-01
3.404518365859985352e-01
4.581292271614074707e-01
8.968367576599121094e-01
2.598729133605957031e-01
4.922792911529541016e-01
4.374288320541381836e-01
4.891189634799957275e-01
5.535839796066284180e-01
6.070132255554199219e-01
5.940915942192077637e-01
5.460079908370971680e-01
1.720945984125137329e-01
4.925800263881683350e-01
3.979637324810028076e-01
3.398896753787994385e-01
4.273193478584289551e-01
3.611797094345092773e-01
4.626944363117218018e-01
5.707143545150756836e-01
7.403646707534790039e-01
5.725485682487487793e-01
4.332709312438964844e-01
5.207134485244750977e-01
5.183793902397155762e-01
2.611210346221923828e-01
5.428584814071655273e-01
3.723855018615722656e-01
4.621376395225524902e-01
3.483357727527618408e-01
2.579916417598724365e-01
4.323007166385650635e-01
4.870776832103729248e-01
4.504474997520446777e-01
3.776434957981109619e-01
4.358740150928497314e-01
4.927414357662200928e-01
4.355521202087402344e-01
4.629192054271697998e-01
4.277642965316772461e-01
6.258822679519653320e-01
5.158409476280212402e-01
6.999746561050415039e-01
1.620354205369949341e-01
5.056974291801452637e-01
5.409684181213378906e-01
3.812955319881439209e-01
4.861398935317993164e-01
3.639400899410247803e-01
4.975572228431701660e-01
3.633629977703094482e-01
4.671657681465148926e-01
6.296286582946777344e-01
6.067396998405456543e-01
6.078248620033264160e-01
4.661429524421691895e-01
4.564720988273620605e-01
4.063673317432403564e-01
4.707759618759155273e-01
4.146802425384521484e-01
5.357621908187866211e-01
4.531889855861663818e-01
4.436236917972564697e-01
5.160793662071228027e-01
4.384617209434509277e-01
8.020753860473632812e-01
4.930277466773986816e-01
5.048667788505554199e-01
3.146829307079315186e-01
3.950435519218444824e-01
3.406304717063903809e-01
1.064878106117248535e+00
3.849558830261230469e-01
5.977742075920104980e-01
3.550199866294860840e-01
4.202091693878173828e-01
6.680841445922851562e-01
3.644919097423553467e-01
3.342878520488739014e-01
8.837920427322387695e-01
5.393023490905761719e-01
5.785654187202453613e-01
4.077371358871459961e-01
3.440486788749694824e-01
5.447635054588317871e-01
4.998508095741271973e-01
3.198601007461547852e-01
5.851461291313171387e-01
5.806677937507629395e-01
5.377218127250671387e-01
4.878091216087341309e-01
5.042793154716491699e-01
8.107229471206665039e-01
1.193461343646049500e-01
4.992173612117767334e-01
3.723269402980804443e-01
4.999058842658996582e-01
4.805521667003631592e-01
4.623359441757202148e-01
4.716851413249969482e-01
3.248932659626007080e-01
4.266273379325866699e-01
4.980602562427520752e-01
6.637489795684814453e-01
6.083448529243469238e-01
5.780957341194152832e-01
3.989795446395874023e-01
5.142943859100341797e-01
4.479238092899322510e-01
5.548373460769653320e-01
6.381393671035766602e-01
4.556434154510498047e-01
2.863137125968933105e-01
4.453691840171813965e-01
7.020316123962402344e-01
4.257946908473968506e-01
6.795565485954284668e-01
4.600572288036346436e-01
5.884581804275512695e-01
5.301538705825805664e-01
4.801905751228332520e-01
4.250540435314178467e-01
4.510434865951538086e-01
6.123901605606079102e-01
3.221682310104370117e-01
4.268616735935211182e-01
3.588639795780181885e-01
6.126296520233154297e-01
6.011433005332946777e-01
4.982023537158966064e-01
4.885493218898773193e-01
4.129843413829803467e-01
3.859290182590484619e-01
4.132298827171325684e-01
3.961645662784576416e-01
4.531513452529907227e-01
4.461432993412017822e-01
5.458734631538391113e-01
3.941144049167633057e-01
6.095240116119384766e-01
1.678862422704696655e-01
5.162529945373535156e-01
3.757285177707672119e-01
4.869926571846008301e-01
4.974292814731597900e-01
3.927455842494964600e-01
5.425171852111816406e-01
4.550597667694091797e-01
2.639383673667907715e-01
3.145184814929962158e-01
4.600367248058319092e-01
4.181331396102905273e-01
3.649941682815551758e-01
5.735615491867065430e-01
4.610244333744049072e-01
5.340636372566223145e-01
4.434009790420532227e-01
4.018202424049377441e-01
3.684683144092559814e-01
5.701960921287536621e-01
7.786881327629089355e-01
4.932028055191040039e-01
4.682652354240417480e-01
8.482272624969482422e-01
4.736722409725189209e-01
3.976743221282958984e-01
5.462184548377990723e-01
5.158902406692504883e-01
8.105283975601196289e-01
5.814626812934875488e-01
5.189684033393859863e-01
2.955562174320220947e-01
6.405436396598815918e-01
4.874079823493957520e-01
5.008271336555480957e-01
3.552356958389282227e-01
5.001698732376098633e-01
3.381534814834594727e-01
3.870097100734710693e-01
4.386947154998779297e-01
4.648824036121368408e-01
6.730010509490966797e-01
4.784893095493316650e-01
4.287204742431640625e-01
4.832997322082519531e-01
4.265244007110595703e-01
5.103125572204589844e-01
3.949844837188720703e-01
4.698488712310791016e-01
3.883863687515258789e-01
4.913280606269836426e-01
5.007384419441223145e-01
5.214659571647644043e-01
6.055589914321899414e-01
3.975107371807098389e-01
4.689154624938964844e-01
3.038589954376220703e-01
3.408795297145843506e-01
5.469931960105895996e-01
6.740463376045227051e-01
5.357638001441955566e-01
3.406586647033691406e-01
5.132901072502136230e-01
4.493831992149353027e-01
2.319834828376770020e-01
4.819916784763336182e-01
5.487635135650634766e-01
2.621547579765319824e-01
3.678852021694183350e-01
5.122893452644348145e-01
5.548915863037109375e-01
4.869850575923919678e-01
4.647359251976013184e-01
4.945197999477386475e-01
4.873213469982147217e-01
4.785423576831817627e-01
4.897189140319824219e-01
5.378658771514892578e-01
3.568565845489501953e-01
3.766761422157287598e-01
5.843507051467895508e-01
4.851862490177154541e-01
6.981503963470458984e-01
3.962693810462951660e-01
4.176629781723022461e-01
4.945777058601379395e-01
4.397270381450653076e-01
4.502136409282684326e-01
5.335119366645812988e-01
4.923789799213409424e-01
5.301039814949035645e-01
5.280990004539489746e-01
5.145789384841918945e-01
5.667230486869812012e-01
3.974895477294921875e-01
5.130854249000549316e-01
4.440037012100219727e-01
3.794430196285247803e-01
4.801714718341827393e-01
5.093038082122802734e-01
4.684426188468933105e-01
5.114259719848632812e-01
8.064969778060913086e-01
4.635890126228332520e-01
6.538378000259399414e-01
5.372031331062316895e-01
6.998697519302368164e-01
5.157602429389953613e-01
4.568135738372802734e-01
3.773614466190338135e-01
5.688657164573669434e-01
3.527431786060333252e-01
4.370610117912292480e-01
4.835681021213531494e-01
5.982528924942016602e-01
4.749850332736968994e-01
5.598252415657043457e-01
4.241580963134765625e-01
4.253884553909301758e-01
5.747525095939636230e-01
3.484460115432739258e-01
5.324045419692993164e-01
4.812814891338348389e-01
5.175735950469970703e-01
4.890431761741638184e-01
4.726154208183288574e-01
5.386739373207092285e-01
4.285474419593811035e-01
5.686796307563781738e-01
3.767096996307373047e-01
5.883887410163879395e-01
4.017083644866943359e-01
6.043757796287536621e-01
4.745008051395416260e-01
5.544133186340332031e-01
2.856070101261138916e-01
4.950735270977020264e-01
4.196580648422241211e-01
3.557327389717102051e-01
4.483085870742797852e-01
3.921779990196228027e-01
5.291399359703063965e-01
3.182645738124847412e-01
4.643619358539581299e-01
4.883052408695220947e-01
4.729939401149749756e-01
4.990166723728179932e-01
5.047066807746887207e-01
5.006802082061767578e-01
4.805502891540527344e-01
3.706798851490020752e-01
4.272459745407104492e-01
4.673469662666320801e-01
3.538133203983306885e-01
4.531221985816955566e-01
4.302563071250915527e-01
3.742263615131378174e-01
5.490726828575134277e-01
3.470540642738342285e-01
4.821255803108215332e-01
4.626959860324859619e-01
4.376776218414306641e-01
4.503434598445892334e-01
3.447995483875274658e-01
4.141300022602081299e-01
4.144225716590881348e-01
5.284457206726074219e-01
5.474785566329956055e-01
5.520423054695129395e-01
5.799178481101989746e-01
4.129531979560852051e-01
4.304806590080261230e-01
3.104926347732543945e-01
4.624042510986328125e-01
4.770485758781433105e-01
3.414587378501892090e-01
5.443080067634582520e-01
7.091319561004638672e-01
4.979331493377685547e-01
5.256581306457519531e-01
4.685389995574951172e-01
6.360894441604614258e-01
6.048253774642944336e-01
5.976520180702209473e-01
4.194281101226806641e-01
4.400898814201354980e-01
4.425123929977416992e-01
4.914661049842834473e-01
4.410547912120819092e-01
4.000982940196990967e-01
5.664740800857543945e-01
4.610336720943450928e-01
5.841882824897766113e-01
5.056464672088623047e-01
4.123021066188812256e-01
3.721385896205902100e-01
5.587809681892395020e-01
6.194520592689514160e-01
4.389224648475646973e-01
4.816238582134246826e-01
5.046149492263793945e-01
3.801152110099792480e-01
3.794102966785430908e-01
5.204684734344482422e-01
5.470211505889892578e-01
5.378376841545104980e-01
4.147515892982482910e-01
3.415020108222961426e-01
4.317862093448638916e-01
4.105667471885681152e-01
4.026541411876678467e-01
4.912457466125488281e-01
5.055350065231323242e-01
4.292500615119934082e-01
4.311051368713378906e-01
3.197378218173980713e-01
4.188429117202758789e-01
5.207400918006896973e-01
4.968834817409515381e-01
5.576528310775756836e-01
4.625123441219329834e-01
4.301592707633972168e-01
9.551403522491455078e-01
4.882429540157318115e-01
3.794957101345062256e-01
4.218986630439758301e-01
4.761138856410980225e-01
5.174132585525512695e-01
4.298403263092041016e-01
4.768091738224029541e-01
4.676567912101745605e-01
5.739177465438842773e-01
4.741114377975463867e-01
4.313637614250183105e-01
4.738816916942596436e-01
3.837750554084777832e-01
3.510307669639587402e-01
5.364120006561279297e-01
5.256170630455017090e-01
4.835350215435028076e-01
5.013232231140136719e-01
4.309552311897277832e-01
4.001411199569702148e-01
6.098926067352294922e-01
4.334075748920440674e-01
5.516474246978759766e-01
2.899984121322631836e-01
3.358876407146453857e-01
4.188202917575836182e-01
5.381155014038085938e-01
4.402338266372680664e-01
3.129301369190216064e-01
3.436184227466583252e-01
5.690456032752990723e-01
3.690218627452850342e-01
6.149086356163024902e-01
7.401239871978759766e-01
4.540875554084777832e-01
4.849202930927276611e-01
5.266167521476745605e-01
5.033586621284484863e-01
4.309687614440917969e-01
3.587243556976318359e-01
5.574733018875122070e-01
5.048140287399291992e-01
6.090158224105834961e-01
4.473112821578979492e-01
5.156695842742919922e-01
6.879038810729980469e-01
5.872572660446166992e-01
8.528385758399963379e-01
5.328111648559570312e-01
5.876188874244689941e-01
7.140102982521057129e-01
4.497308433055877686e-01
5.546488761901855469e-01
4.566928446292877197e-01
3.811910450458526611e-01
6.209693551063537598e-01
4.649417996406555176e-01
4.648707211017608643e-01
5.126317739486694336e-01
5.230541825294494629e-01
5.499530434608459473e-01
4.485283195972442627e-01
3.632417321205139160e-01
3.914342522621154785e-01
4.727588295936584473e-01
6.114050149917602539e-01
4.334116876125335693e-01
5.064316391944885254e-01
5.482215285301208496e-01
3.804606199264526367e-01
3.844692409038543701e-01
3.724820315837860107e-01
4.357743561267852783e-01
4.381967186927795410e-01
5.219560861587524414e-01
4.428534209728240967e-01
3.199016749858856201e-01
4.008496403694152832e-01
6.269845366477966309e-01
4.897715449333190918e-01
5.847209095954895020e-01
5.986540913581848145e-01
4.347988963127136230e-01
1.707203388214111328e-01
5.577374100685119629e-01
3.346700966358184814e-01
3.851011991500854492e-01
8.162509202957153320e-01
3.645905554294586182e-01
4.067313075065612793e-01
4.731404185295104980e-01
4.477644860744476318e-01
4.883384704589843750e-01
4.560803771018981934e-01
4.729260504245758057e-01
4.064309895038604736e-01
4.003870785236358643e-01
6.040626168251037598e-01
5.175026655197143555e-01
7.024082541465759277e-01
5.803737640380859375e-01
4.761867821216583252e-01
6.325415968894958496e-01
4.071162045001983643e-01
3.970968425273895264e-01
4.420290589332580566e-01
4.268878996372222900e-01
4.752215147018432617e-01
4.828787744045257568e-01
5.022037029266357422e-01
5.225067734718322754e-01
3.948066830635070801e-01
4.941547214984893799e-01
3.915711343288421631e-01
2.048701792955398560e-01
3.972484767436981201e-01
5.114293694496154785e-01
3.508824706077575684e-01
3.288079798221588135e-01
4.602409005165100098e-01
3.246864378452301025e-01
4.659035205841064453e-01
3.965643942356109619e-01
5.367889404296875000e-01
5.213866233825683594e-01
1.546682119369506836e-01
5.327279567718505859e-01
4.678688049316406250e-01
3.927571177482604980e-01
4.111051261425018311e-01
5.173006057739257812e-01
4.604402780532836914e-01
4.817001223564147949e-01
5.809375047683715820e-01
5.540931224822998047e-01
3.266510069370269775e-01
4.728563725948333740e-01
6.064195632934570312e-01
3.739790618419647217e-01
3.853726983070373535e-01
4.883697628974914551e-01
4.956114888191223145e-01
4.667623341083526611e-01
4.318642914295196533e-01
5.119094252586364746e-01
4.624491035938262939e-01
5.285421013832092285e-01
7.153098583221435547e-01
4.612612724304199219e-01
3.311252892017364502e-01
5.691078305244445801e-01
4.703466892242431641e-01
5.452797412872314453e-01
5.088187456130981445e-01
3.396355509757995605e-01
4.209504425525665283e-01
5.232723951339721680e-01
5.330490469932556152e-01
3.687106072902679443e-01
4.672920107841491699e-01
3.570159971714019775e-01
4.790984690189361572e-01
4.640748500823974609e-01
5.392855405807495117e-01
5.914170145988464355e-01
3.596021234989166260e-01
5.382131338119506836e-01
6.271375417709350586e-01
3.370735347270965576e-01
4.259014427661895752e-01
3.473671376705169678e-01
4.688623845577239990e-01
6.634430289268493652e-01
4.108102321624755859e-01
2.960071563720703125e-01
5.872950553894042969e-01
7.866827249526977539e-01
4.736845195293426514e-01
3.440602421760559082e-01
1.790202856063842773e-01
3.367172181606292725e-01
3.788330554962158203e-01
4.315892457962036133e-01
5.347519516944885254e-01
5.347447991371154785e-01
4.349969625473022461e-01
6.980323791503906250e-01
4.845640361309051514e-01
4.056246578693389893e-01
5.823214650154113770e-01
3.931184113025665283e-01
4.703584015369415283e-01
5.628083348274230957e-01
4.032881557941436768e-01
5.152139067649841309e-01
5.794382691383361816e-01
5.051415562629699707e-01
3.684287667274475098e-01
9.111747145652770996e-01
4.279344081878662109e-01
4.927121400833129883e-01
4.982360899448394775e-01
5.535894036293029785e-01
2.919309139251708984e-01
2.944846451282501221e-01
5.258714556694030762e-01
5.302202701568603516e-01
5.564649701118469238e-01
5.637470483779907227e-01
5.632469654083251953e-01
4.416119456291198730e-01
5.425869822502136230e-01
4.855496883392333984e-01
5.651698708534240723e-01
5.309098362922668457e-01
4.600781500339508057e-01
5.828042626380920410e-01
3.523199260234832764e-01
4.593774378299713135e-01
4.844779670238494873e-01
3.994191288948059082e-01
7.297118902206420898e-01
4.786331355571746826e-01
5.065623521804809570e-01
3.615718483924865723e-01
4.441896975040435791e-01
5.191024541854858398e-01
4.273899197578430176e-01
3.317404091358184814e-01
4.004467129707336426e-01
5.857100486755371094e-01
5.359418988227844238e-01
5.641178488731384277e-01
4.399741291999816895e-01
4.761382639408111572e-01
6.089744567871093750e-01
4.130232036113739014e-01
4.879539310932159424e-01
5.966963768005371094e-01
5.974925756454467773e-01
4.125127494335174561e-01
4.446766376495361328e-01
5.089645385742187500e-01
3.970030248165130615e-01
5.312893986701965332e-01
3.799028098583221436e-01
4.487589895725250244e-01
6.365571022033691406e-01
4.728728234767913818e-01
4.036205708980560303e-01
4.756563007831573486e-01
3.145993947982788086e-01
4.022019505500793457e-01
4.225277900695800781e-01
4.089737832546234131e-01
6.827176809310913086e-01
4.275159239768981934e-01
5.801464915275573730e-01
4.724155366420745850e-01
5.592684745788574219e-01
5.131601691246032715e-01
5.579156279563903809e-01
3.955154120922088623e-01
4.686290919780731201e-01
4.324414730072021484e-01
4.478959143161773682e-01
4.435102045536041260e-01
3.425500690937042236e-01
4.046980142593383789e-01
4.615186154842376709e-01
4.498446285724639893e-01
4.325166940689086914e-01
4.312876760959625244e-01
2.574454843997955322e-01
5.358306765556335449e-01
3.756965696811676025e-01
4.463253021240234375e-01
4.219460785388946533e-01
4.395083189010620117e-01
4.406940937042236328e-01
6.182362437248229980e-01
5.348411202430725098e-01
5.634631514549255371e-01
5.026796460151672363e-01
5.164797902107238770e-01
4.438995718955993652e-01
5.007594227790832520e-01
4.678546488285064697e-01
3.186594843864440918e-01
4.966116845607757568e-01
5.154896974563598633e-01
5.026888847351074219e-01
4.119029045104980469e-01
4.551483094692230225e-01
3.982920646667480469e-01
3.398726284503936768e-01
5.655040144920349121e-01
6.252770423889160156e-01
4.518216252326965332e-01
5.724899768829345703e-01
4.508392214775085449e-01
3.781124055385589600e-01
3.339945375919342041e-01
4.689447581768035889e-01
7.726038694381713867e-01
3.928137719631195068e-01
6.048466563224792480e-01
5.256189107894897461e-01
4.228091239929199219e-01
4.670310616493225098e-01
6.086279749870300293e-01
5.231678485870361328e-01
5.023728609085083008e-01
8.333541154861450195e-01
3.901345431804656982e-01
5.315123796463012695e-01
3.883158564567565918e-01
2.704692184925079346e-01
4.270394444465637207e-01
5.796454548835754395e-01
5.684200525283813477e-01
4.314146637916564941e-01
6.338869929313659668e-01
4.830367565155029297e-01
3.546359837055206299e-01
4.472872316837310791e-01
5.297570228576660156e-01
3.323644399642944336e-01
4.368498623371124268e-01
3.489587008953094482e-01
4.361540079116821289e-01
5.181886553764343262e-01
3.522426784038543701e-01
3.958257138729095459e-01
4.572023153305053711e-01
9.502174854278564453e-01
5.265029072761535645e-01
4.988327920436859131e-01
4.527781307697296143e-01
6.279074549674987793e-01
5.124707221984863281e-01
4.972352385520935059e-01
4.042491018772125244e-01
3.164138495922088623e-01
5.611723065376281738e-01
4.067624509334564209e-01
4.330915212631225586e-01
3.928203582763671875e-01
4.610253572463989258e-01
5.382760763168334961e-01
5.965896248817443848e-01
5.228548645973205566e-01
4.342672824859619141e-01
6.250371932983398438e-01
5.212813615798950195e-01
5.286307930946350098e-01
4.029715061187744141e-01
5.670140981674194336e-01
4.541470706462860107e-01
4.170930385589599609e-01
2.109766453504562378e-01
5.951516628265380859e-01
6.764365434646606445e-01
5.801556706428527832e-01
4.602353870868682861e-01
4.779700338840484619e-01
4.662599861621856689e-01
5.247131586074829102e-01
7.090626358985900879e-01
3.305924832820892334e-01
3.728144466876983643e-01
3.421981334686279297e-01
2.210418730974197388e-01
5.190332531929016113e-01
5.079625844955444336e-01
4.850414693355560303e-01
5.715783834457397461e-01
6.203857064247131348e-01
4.089374840259552002e-01
4.617474675178527832e-01
4.791179597377777100e-01
5.029796361923217773e-01
4.897598028182983398e-01
5.580561161041259766e-01
3.242626488208770752e-01
5.914069414138793945e-01
4.311546087265014648e-01
6.106412410736083984e-01
5.920817852020263672e-01
5.602385401725769043e-01
6.325335502624511719e-01
4.814030528068542480e-01
4.729996919631958008e-01
4.896361827850341797e-01
4.936173856258392334e-01
5.304460525512695312e-01
3.823873698711395264e-01
5.014771223068237305e-01
3.998542726039886475e-01
